filename,width,height,class,x1,y1,x2,y2
16285.jpg,202,199,1,395,172,597,371
16670.jpg,185,179,1,405,203,590,382
13295.jpg,225,214,1,3,146,228,360
14616.jpg,285,305,1,3,286,288,591
11186.jpg,295,312,1,93,9,388,321
13739.jpg,296,242,1,76,238,372,480
14903.jpg,257,255,1,33,330,290,585
15113.jpg,224,220,1,416,212,640,432
15419.jpg,201,217,1,287,43,488,260
60.jpg,800,591,1,0,9,800,600
9341.jpg,413,316,1,28,18,441,334
15875.jpg,159,149,1,263,3,422,152
13732.jpg,210,83,1,26,17,236,100
4323.jpg,110,106,1,20,113,130,219
4958.jpg,255,206,1,245,155,500,361
14723.jpg,132,130,1,14,109,146,239
15806.jpg,249,217,1,316,0,565,217
10910.jpg,79,151,1,0,0,79,151
15083.jpg,265,241,1,0,127,265,368
74.jpg,632,532,1,78,61,710,593
69.jpg,423,303,1,8,12,431,315
16680.jpg,212,195,1,10,222,222,417
67.jpg,640,480,1,0,0,640,480
15098.jpg,198,129,1,12,15,210,144
15454.jpg,187,159,1,99,321,286,480
9104.jpg,360,379,1,0,75,360,454
15583.jpg,268,267,1,207,60,475,327
75.jpg,704,600,1,96,0,800,600
10617.jpg,91,242,1,0,4,91,246
12171.jpg,354,348,1,16,243,370,591
14368.jpg,356,337,1,0,181,356,518
11962.jpg,99,133,1,0,79,99,212
4605.jpg,169,173,1,253,165,422,338
14364.jpg,223,222,1,318,36,541,258
14814.jpg,258,182,1,40,116,298,298
13754.jpg,210,194,1,10,166,220,360
13893.jpg,102,104,1,218,80,320,184
5180.jpg,101,164,1,0,122,101,286
62.jpg,372,223,1,0,77,372,300
14355.jpg,277,287,1,523,93,800,380
15389.jpg,282,252,1,0,75,282,327
9091.jpg,351,261,1,66,42,417,303
15850.jpg,245,253,1,338,197,583,450
14806.jpg,180,131,1,60,189,240,320
11200.jpg,160,148,1,9,192,169,340
13264.jpg,181,113,1,59,126,240,239
9352.jpg,324,324,1,72,9,396,333
15741.jpg,241,203,1,265,157,506,360
2.jpg,562,351,1,20,208,582,559
14829.jpg,150,113,1,20,0,170,113
6974.jpg,220,247,1,0,171,220,418
11608.jpg,200,196,1,280,129,480,325
13838.jpg,221,215,1,300,25,521,240
63.jpg,334,358,1,0,135,334,493
16590.jpg,235,200,1,11,217,246,417
11292.jpg,222,229,1,64,0,286,229
10633.jpg,358,474,1,0,6,358,480
11136.jpg,417,333,1,24,15,441,348
12.jpg,575,417,1,94,150,669,567
14044.jpg,140,105,1,660,490,800,595
15694.jpg,280,263,1,0,95,280,358
5075.jpg,337,237,1,163,135,500,372
12084.jpg,296,335,1,0,248,296,583
14291.jpg,255,252,1,425,216,680,468
16237.jpg,420,197,1,113,252,533,449
14867.jpg,248,238,1,0,144,248,382
13702.jpg,194,172,1,12,167,206,339
5.jpg,753,557,1,8,28,761,585
14080.jpg,235,207,1,51,353,286,560
15735.jpg,304,272,1,192,176,496,448
12098.jpg,203,108,1,590,0,793,108
15655.jpg,201,195,1,70,63,271,258
15366.jpg,151,230,1,0,340,151,570
13724.jpg,208,134,1,12,55,220,189
14039.jpg,206,240,1,0,261,206,501
14877.jpg,294,272,1,1,284,295,556
14603.jpg,240,242,1,285,303,525,545
11194.jpg,342,322,1,49,0,391,322
15148.jpg,276,185,1,27,46,303,231
7077.jpg,255,220,1,43,151,298,371
15792.jpg,211,229,1,0,49,211,278
13704.jpg,198,180,1,14,55,212,235
7046.jpg,282,228,1,36,180,318,408
78.jpg,743,599,1,29,1,772,600
14182.jpg,250,240,1,11,255,261,495
15821.jpg,293,294,1,295,142,588,436
15969.jpg,211,178,1,405,168,616,346
14642.jpg,228,232,1,200,182,428,414
21.jpg,448,280,1,8,5,456,285
14115.jpg,202,204,1,138,208,340,412
14799.jpg,220,218,1,52,196,272,414
13999.jpg,296,239,1,50,161,346,400
13379.jpg,164,137,1,0,126,164,263
14309.jpg,273,254,1,505,120,778,374
4930.jpg,168,298,1,0,140,168,438
13775.jpg,210,191,1,0,169,210,360
13787.jpg,183,150,1,0,155,183,305
15189.jpg,242,186,1,43,128,285,314
15749.jpg,208,205,1,30,72,238,277
16674.jpg,221,208,1,16,193,237,401
15832.jpg,208,179,1,28,267,236,446
10634.jpg,357,435,1,0,0,357,435
3.jpg,241,300,1,2,110,243,410
13.jpg,344,371,1,0,109,344,480
14025.jpg,261,275,1,0,236,261,511
13992.jpg,250,186,1,328,294,578,480
15803.jpg,235,265,1,0,161,235,426
52.jpg,302,286,1,198,57,500,343
89.jpg,333,298,1,30,284,363,582
5073.jpg,206,188,1,0,187,206,375
15041.jpg,233,206,1,0,58,233,264
16600.jpg,215,212,1,383,193,598,405
14388.jpg,200,222,1,0,212,200,434
12081.jpg,333,275,1,0,225,333,500
4.jpg,286,299,1,0,237,286,536
14595.jpg,101,108,1,1,34,102,142
12245.jpg,212,217,1,0,106,212,323
13389.jpg,364,292,1,0,180,364,472
11732.jpg,186,171,1,305,170,491,341
20.jpg,457,388,1,0,154,457,542
45.jpg,357,337,1,43,16,400,353
16669.jpg,212,193,1,40,185,252,378
13731.jpg,122,219,1,0,128,122,347
5101.jpg,244,281,1,0,180,244,461
14.jpg,240,263,1,0,337,240,600
14495.jpg,138,142,1,0,440,138,582
14495.jpg,100,107,1,20,8,120,115
12209.jpg,132,232,1,0,39,132,271
14699.jpg,276,258,1,12,222,288,480
14921.jpg,184,192,1,88,108,272,300
14609.jpg,268,244,1,503,306,771,550
14881.jpg,156,168,1,32,236,188,404
4300.jpg,149,124,1,112,98,261,222
73.jpg,555,400,1,113,82,668,482
15534.jpg,264,217,1,87,0,351,217
15293.jpg,188,192,1,16,206,204,398
9366.jpg,390,316,1,31,0,421,316
7337.jpg,100,189,1,400,133,500,322
13333.jpg,241,206,1,45,144,286,350
13329.jpg,188,219,1,305,156,493,375
29.jpg,563,479,1,1,1,564,480
15311.jpg,175,150,1,52,162,227,312
14698.jpg,212,182,1,26,224,238,406
4985.jpg,81,180,1,417,78,498,258
12923.jpg,268,251,1,5,70,273,321
13903.jpg,96,104,1,0,130,96,234
11575.jpg,183,176,1,36,151,219,327
13947.jpg,361,315,1,0,85,361,400
5013.jpg,132,236,1,0,128,132,364
13782.jpg,194,171,1,74,149,268,320
14341.jpg,252,188,1,0,290,252,478
4004.jpg,73,64,1,26,90,99,154
14411.jpg,215,145,1,326,75,541,220
80.jpg,707,590,1,52,10,759,600
27.jpg,239,216,1,355,23,594,239
13233.jpg,109,104,1,1,136,110,240
15154.jpg,202,200,1,68,164,270,364
13262.jpg,292,268,1,26,4,318,272
14906.jpg,216,266,1,185,0,401,266
14890.jpg,271,250,1,390,311,661,561
15537.jpg,236,252,1,362,183,598,435
9135.jpg,285,294,1,30,81,315,375
15393.jpg,180,203,1,0,189,180,392
9056.jpg,448,380,1,17,121,465,501
14668.jpg,195,165,1,5,132,200,297
16556.jpg,219,198,1,21,245,240,443
14036.jpg,218,210,1,55,25,273,235
15560.jpg,282,282,1,23,135,305,417
15545.jpg,243,255,1,0,111,243,366
11119.jpg,420,360,1,0,0,420,360
14354.jpg,253,277,1,0,323,253,600
14372.jpg,233,255,1,238,316,471,571
15687.jpg,225,231,1,16,187,241,418
13774.jpg,192,164,1,4,4,196,168
11064.jpg,228,201,1,0,130,228,331
9340.jpg,374,342,1,13,18,387,360
11039.jpg,426,345,1,18,0,444,345
15310.jpg,204,177,1,298,3,502,180
30.jpg,196,163,1,7,87,203,250
15259.jpg,126,105,1,261,15,387,120
13747.jpg,308,240,1,0,144,308,384
4956.jpg,191,93,1,42,0,233,93
14061.jpg,323,306,1,0,250,323,556
13693.jpg,312,279,1,66,96,378,375
13736.jpg,186,138,1,444,6,630,144
13764.jpg,194,168,1,22,52,216,220
72.jpg,362,351,1,0,218,362,569
34.jpg,440,407,1,76,41,516,448
14759.jpg,295,258,1,106,88,401,346
13705.jpg,194,177,1,4,176,198,353
15921.jpg,125,117,1,433,8,558,125
14910.jpg,224,196,1,0,124,224,320
12082.jpg,334,313,1,36,283,370,596
66.jpg,640,698,1,0,39,640,737
16000.jpg,286,276,1,286,145,572,421
14746.jpg,560,480,1,20,0,580,480
15176.jpg,187,185,1,0,150,187,335
5512.jpg,133,123,1,20,102,153,225
13763.jpg,256,240,1,16,228,272,468
14329.jpg,268,241,1,483,29,751,270
13991.jpg,277,265,1,63,371,340,636
33.jpg,207,185,1,10,133,217,318
16050.jpg,301,274,1,1,173,302,447
16263.jpg,190,172,1,368,190,558,362
16614.jpg,279,236,1,2,170,281,406
65.jpg,281,302,1,0,155,281,457
14526.jpg,333,300,1,0,296,333,596
11156.jpg,140,104,1,13,28,153,132
15559.jpg,255,222,1,153,0,408,222
13734.jpg,182,154,1,104,206,286,360
4305.jpg,83,67,1,33,66,116,133
4934.jpg,75,86,1,0,87,75,173
31.jpg,221,169,1,12,230,233,399
14289.jpg,400,354,1,5,126,405,480
13695.jpg,200,205,1,43,325,243,530
14923.jpg,278,291,1,5,220,283,511
96.jpg,337,283,1,29,266,366,549
14817.jpg,307,280,1,61,520,368,800
13273.jpg,45,31,1,281,144,326,175
13985.jpg,230,245,1,0,157,230,402
15892.jpg,185,162,1,406,126,591,288
13723.jpg,242,175,1,114,209,356,384
14835.jpg,226,190,1,264,22,490,212
44.jpg,408,344,1,42,11,450,355
14023.jpg,243,243,1,475,295,718,538
14425.jpg,93,66,1,65,6,158,72
16615.jpg,250,225,1,6,156,256,381
14813.jpg,228,246,1,412,108,640,354
14588.jpg,353,350,1,3,175,356,525
14666.jpg,302,256,1,52,224,354,480
11459.jpg,192,178,1,18,126,210,304
14267.jpg,124,102,1,48,58,172,160
10640.jpg,432,333,1,30,0,462,333
9106.jpg,360,327,1,0,102,360,429
15300.jpg,228,156,1,222,0,450,156
14015.jpg,209,191,1,6,245,215,436
13164.jpg,99,112,1,0,0,99,112
15895.jpg,264,183,1,276,0,540,183
11997.jpg,198,171,1,267,139,465,310
16124.jpg,142,126,1,80,200,222,326
14812.jpg,234,240,1,56,240,290,480
4972.jpg,136,127,1,0,95,136,222
7145.jpg,188,218,1,0,75,188,293
13958.jpg,161,171,1,256,349,417,520
13948.jpg,132,88,1,67,152,199,240
10621.jpg,462,360,1,16,0,478,360
11184.jpg,132,132,1,32,178,164,310
12095.jpg,178,169,1,40,164,218,333
16287.jpg,235,418,1,52,27,287,445
16279.jpg,359,162,1,201,31,560,193
14751.jpg,574,480,1,14,0,588,480
19.jpg,148,191,1,352,135,500,326
11568.jpg,148,149,1,3,178,151,327
36.jpg,394,320,1,36,25,430,345
15357.jpg,214,238,1,170,170,384,408
11138.jpg,365,313,1,55,12,420,325
9308.jpg,356,291,1,49,22,405,313
5087.jpg,247,201,1,253,50,500,251
14626.jpg,230,250,1,12,186,242,436
14237.jpg,119,100,1,27,60,146,160
14152.jpg,218,214,1,174,266,392,480
13327.jpg,207,210,1,244,165,451,375
14124.jpg,222,212,1,140,244,362,456
9218.jpg,382,292,1,33,36,415,328
11593.jpg,197,179,1,268,181,465,360
13776.jpg,190,179,1,0,110,190,289
13888.jpg,106,140,1,0,80,106,220
15563.jpg,182,195,1,0,0,182,195
4520.jpg,69,32,1,13,61,82,93
4953.jpg,269,109,1,28,176,297,285
14006.jpg,112,116,1,170,98,282,214
14420.jpg,127,136,1,15,104,142,240
12169.jpg,80,129,1,176,45,256,174
14002.jpg,280,186,1,8,292,288,478
10586.jpg,336,303,1,19,69,355,372
16643.jpg,236,214,1,25,196,261,410
13960.jpg,214,196,1,194,206,408,402
41.jpg,396,354,1,0,80,396,434
5044.jpg,168,242,1,0,160,168,402
15771.jpg,379,392,1,221,43,600,435
13676.jpg,595,515,1,113,0,708,515
14880.jpg,188,180,1,420,22,608,202
15842.jpg,409,407,1,191,43,600,450
85.jpg,254,215,1,48,249,302,464
22.jpg,190,175,1,310,200,500,375
79.jpg,661,542,1,67,0,728,542
9320.jpg,375,292,1,51,42,426,334
15521.jpg,289,265,1,301,184,590,449
15301.jpg,196,220,1,306,200,502,420
15506.jpg,195,210,1,0,218,195,428
14449.jpg,291,269,1,45,201,336,470
11737.jpg,121,94,1,1,144,122,238
13989.jpg,78,82,1,0,114,78,196
97.jpg,305,290,1,89,278,394,568
6476.jpg,228,214,1,4,0,232,214
10630.jpg,432,324,1,45,12,477,336
14012.jpg,236,218,1,0,310,236,528
11167.jpg,153,129,1,288,45,441,174
14235.jpg,134,94,1,43,66,177,160
14805.jpg,270,260,1,153,2,423,262
9094.jpg,348,297,1,88,24,436,321
14644.jpg,218,192,1,76,10,294,202
14885.jpg,280,248,1,56,235,336,483
14003.jpg,165,135,1,85,265,250,400
15370.jpg,251,260,1,0,316,251,576
15683.jpg,199,153,1,16,20,215,173
14173.jpg,402,186,1,50,294,452,480
16690.jpg,296,257,1,12,200,308,457
15507.jpg,215,237,1,20,67,235,304
13815.jpg,236,242,1,275,303,511,545
13182.jpg,116,114,1,0,104,116,218
15657.jpg,234,223,1,356,30,590,253
1.jpg,370,343,1,0,143,370,486
58.jpg,302,304,1,0,164,302,468
5158.jpg,314,267,1,61,227,375,494
13748.jpg,168,196,1,4,188,172,384
10740.jpg,356,376,1,1,48,357,424
13740.jpg,206,240,1,0,36,206,276
14728.jpg,90,66,1,65,6,155,72
14402.jpg,205,220,1,50,202,255,422
5109.jpg,188,216,1,0,168,188,384
15134.jpg,163,208,1,0,218,163,426
14868.jpg,332,284,1,34,182,366,466
4938.jpg,125,140,1,0,168,125,308
13646.jpg,511,148,1,0,256,511,404
13781.jpg,238,244,1,0,108,238,352
15644.jpg,209,206,1,83,26,292,232
15797.jpg,253,247,1,0,83,253,330
14522.jpg,238,248,1,0,153,238,401
15885.jpg,179,172,1,412,143,591,315
5074.jpg,230,88,1,282,80,512,168
16012.jpg,238,178,1,35,27,273,205
14822.jpg,258,186,1,0,134,258,320
15555.jpg,227,225,1,228,223,455,448
13806.jpg,130,130,1,110,190,240,320
5170.jpg,108,73,1,0,1,108,74
5170.jpg,191,31,1,103,0,294,31
11197.jpg,144,143,1,256,187,400,330
4936.jpg,92,80,1,60,21,152,101
4988.jpg,126,188,1,0,140,126,328
37.jpg,182,206,1,266,18,448,224
5077.jpg,64,104,1,256,114,320,218
14357.jpg,235,307,1,0,241,235,548
91.jpg,303,236,1,111,288,414,524
15440.jpg,208,176,1,24,101,232,277
16260.jpg,267,160,1,201,222,468,382
11649.jpg,127,135,1,0,189,127,324
13236.jpg,112,98,1,2,102,114,200
11201.jpg,381,307,1,40,0,421,307
14048.jpg,265,275,1,0,251,265,526
16061.jpg,188,167,1,388,156,576,323
14074.jpg,200,213,1,35,355,235,568
11159.jpg,367,297,1,60,15,427,312
14899.jpg,246,211,1,4,183,250,394
14263.jpg,100,83,1,1,77,101,160
14445.jpg,327,252,1,41,388,368,640
14600.jpg,115,136,1,168,102,283,238
14171.jpg,302,228,1,166,252,468,480
5127.jpg,141,99,1,259,1,400,100
13988.jpg,190,104,1,531,1,721,105
14239.jpg,114,80,1,56,76,170,156
14584.jpg,215,216,1,333,50,548,266
14069.jpg,207,180,1,106,298,313,478
28.jpg,169,128,1,11,135,180,263
15930.jpg,293,277,1,0,133,293,410
13749.jpg,232,181,1,120,152,352,333
14596.jpg,122,91,1,76,148,198,239
15424.jpg,360,260,1,240,129,600,389
14797.jpg,262,246,1,28,12,290,258
16695.jpg,319,307,1,6,146,325,453
13779.jpg,210,190,1,14,168,224,358
14451.jpg,327,331,1,0,306,327,637
13827.jpg,247,265,1,521,298,768,563
14987.jpg,210,202,1,408,210,618,412
9222.jpg,228,249,1,21,102,249,351
51.jpg,500,375,1,0,0,500,375
9209.jpg,360,327,1,0,69,360,396
14093.jpg,255,184,1,0,211,255,395
13752.jpg,78,156,1,14,164,92,320
15524.jpg,272,264,1,30,0,302,264
18.jpg,203,199,1,267,158,470,357
13297.jpg,290,235,1,0,140,290,375
25.jpg,221,210,1,228,270,449,480
15165.jpg,273,287,1,0,154,273,441
13733.jpg,208,164,1,338,198,546,362
16191.jpg,249,224,1,12,206,261,430
10628.jpg,477,357,1,3,0,480,357
13701.jpg,192,161,1,0,142,192,303
13898.jpg,82,76,1,14,164,96,240
15358.jpg,176,166,1,90,119,266,285
13859.jpg,280,248,1,0,232,280,480
13639.jpg,245,247,1,24,189,269,436
5115.jpg,192,174,1,0,168,192,342
15924.jpg,211,182,1,0,164,211,346
15766.jpg,264,243,1,286,207,550,450
64.jpg,600,450,1,0,0,600,450
71.jpg,753,600,1,47,0,800,600
13757.jpg,164,204,1,0,240,164,444
11134.jpg,360,400,1,0,15,360,415
11331.jpg,460,269,1,15,70,475,339
14519.jpg,355,317,1,0,243,355,560
13331.jpg,132,142,1,368,131,500,273
15973.jpg,239,171,1,3,189,242,360
14828.jpg,250,284,1,0,142,250,426
14577.jpg,290,300,1,66,293,356,593
11686.jpg,239,269,1,59,154,298,423
38.jpg,167,142,1,270,240,437,382
13745.jpg,230,194,1,410,124,640,318
11165.jpg,294,265,1,94,51,388,316
61.jpg,228,193,1,0,122,228,315
11862.jpg,416,412,1,15,176,431,588
7321.jpg,226,176,1,0,96,226,272
81.jpg,266,235,1,10,169,276,404
50.jpg,298,219,1,195,181,493,400
13735.jpg,264,262,1,376,188,640,450
70.jpg,480,360,1,0,0,480,360
7293.jpg,180,246,1,0,22,180,268
16685.jpg,210,173,1,56,5,266,178
13780.jpg,180,112,1,264,5,444,117
13696.jpg,624,173,1,96,238,720,411
4316.jpg,148,148,1,2,150,150,298
14505.jpg,232,248,1,76,228,308,476
15505.jpg,150,150,1,320,21,470,171
11094.jpg,405,360,1,24,0,429,360
14348.jpg,300,279,1,500,161,800,440
14348.jpg,289,128,1,241,0,530,128
90.jpg,316,278,1,30,300,346,578
14082.jpg,188,202,1,28,242,216,444
93.jpg,294,281,1,37,236,331,517
23.jpg,252,188,1,0,62,252,250
10666.jpg,346,319,1,9,60,355,379
13414.jpg,155,164,1,0,126,155,290
14240.jpg,123,95,1,14,65,137,160
15479.jpg,253,252,1,0,198,253,450
11098.jpg,341,294,1,52,39,393,333
11161.jpg,136,105,1,15,31,151,136
12086.jpg,261,185,1,45,316,306,501
10572.jpg,360,371,1,0,49,360,420
15335.jpg,218,214,1,278,258,496,472
14510.jpg,252,246,1,8,192,260,438
9117.jpg,357,304,1,69,24,426,328
4294.jpg,92,84,1,58,138,150,222
15946.jpg,248,177,1,83,180,331,357
11063.jpg,393,343,1,69,12,462,355
14619.jpg,204,228,1,28,236,232,464
98.jpg,288,252,1,16,152,304,404
14353.jpg,415,345,1,20,255,435,600
14409.jpg,240,235,1,21,215,261,450
16701.jpg,265,263,1,364,197,629,460
12184.jpg,188,246,1,0,154,188,400
9.jpg,268,244,1,2,226,270,470
14834.jpg,194,182,1,80,248,274,430
14920.jpg,273,273,1,34,80,307,353
14920.jpg,158,222,1,292,173,450,395
15414.jpg,210,211,1,42,172,252,383
59.jpg,286,251,1,354,169,640,420
16641.jpg,266,227,1,5,196,271,423
13847.jpg,253,208,1,15,162,268,370
4331.jpg,155,157,1,7,162,162,319
14077.jpg,247,225,1,36,291,283,516
15286.jpg,207,162,1,371,125,578,287
11689.jpg,348,355,1,0,236,348,591
15104.jpg,190,180,1,2,165,192,345
13690.jpg,273,237,1,0,273,273,510
6.jpg,369,272,1,0,38,369,310
88.jpg,291,253,1,49,307,340,560
13645.jpg,728,240,1,49,286,777,526
16034.jpg,261,221,1,0,110,261,331
14689.jpg,306,222,1,0,140,306,362
13822.jpg,203,206,1,458,170,661,376
14818.jpg,256,280,1,0,53,256,333
11576.jpg,187,164,1,252,19,439,183
11694.jpg,375,356,1,15,215,390,571
10618.jpg,402,354,1,31,0,433,354
9335.jpg,336,302,1,63,43,399,345
15542.jpg,230,179,1,116,201,346,380
11440.jpg,309,267,1,63,3,372,270
15085.jpg,220,91,1,211,0,431,91
10.jpg,407,312,1,71,16,478,328
16644.jpg,295,255,1,302,70,597,325
14104.jpg,182,182,1,136,294,318,476
15894.jpg,213,225,1,0,157,213,382
14621.jpg,216,222,1,80,246,296,468
13276.jpg,32,132,1,608,264,640,396
4931.jpg,204,234,1,436,156,640,390
13406.jpg,259,192,1,4,15,263,207
15179.jpg,145,121,1,378,182,523,303
15246.jpg,203,197,1,7,161,210,358
16557.jpg,283,253,1,8,193,291,446
15217.jpg,189,198,1,83,101,272,299
14203.jpg,244,216,1,128,264,372,480
16033.jpg,335,298,1,210,152,545,450
13933.jpg,344,298,1,0,182,344,480
14663.jpg,222,218,1,132,262,354,480
92.jpg,295,263,1,42,321,337,584
14346.jpg,238,163,1,273,248,511,411
11352.jpg,180,192,1,1,168,181,360
15373.jpg,198,170,1,0,121,198,291
11180.jpg,165,152,1,0,172,165,324
9233.jpg,480,360,2,0,0,480,360
102.jpg,240,180,2,0,0,240,180
133.jpg,200,150,2,0,0,200,150
123.jpg,109,82,2,9,20,118,102
186.jpg,505,350,2,295,166,800,516
10897.jpg,348,352,2,6,96,354,448
153.jpg,304,191,2,0,31,304,222
150.jpg,293,253,2,0,32,293,285
15146.jpg,596,800,2,0,0,596,800
189.jpg,208,150,2,0,36,208,186
168.jpg,165,135,2,0,30,165,165
127.jpg,640,533,2,0,0,640,533
117.jpg,200,150,2,0,0,200,150
122.jpg,414,257,2,0,80,414,337
126.jpg,206,172,2,29,113,235,285
140.jpg,465,349,2,0,0,465,349
156.jpg,602,336,2,158,209,760,545
164.jpg,204,141,2,6,17,210,158
15650.jpg,231,160,2,27,152,258,312
10578.jpg,251,421,2,73,1,324,422
105.jpg,176,122,2,0,0,176,122
15652.jpg,301,306,2,295,101,596,407
109.jpg,216,142,2,3,12,219,154
154.jpg,304,196,2,0,19,304,215
121.jpg,225,163,2,25,0,250,163
103.jpg,394,231,2,3,70,397,301
130.jpg,260,293,2,0,56,260,349
173.jpg,198,147,2,5,3,203,150
148.jpg,177,131,2,0,0,177,131
15481.jpg,490,409,2,41,33,531,442
108.jpg,112,91,2,0,14,112,105
149.jpg,331,282,2,43,20,374,302
165.jpg,441,271,2,9,28,450,299
158.jpg,320,258,2,22,51,342,309
185.jpg,122,86,2,0,0,122,86
15093.jpg,570,369,2,28,27,598,396
174.jpg,187,156,2,21,6,208,162
113.jpg,210,280,2,0,0,210,280
137.jpg,177,135,2,3,0,180,135
176.jpg,201,148,2,0,0,201,148
11259.jpg,311,277,2,76,63,387,340
180.jpg,308,178,2,0,0,308,178
125.jpg,186,138,2,70,30,256,168
9327.jpg,366,306,2,40,39,406,345
147.jpg,88,64,2,47,34,135,98
106.jpg,153,120,2,0,34,153,154
14632.jpg,478,360,2,278,86,756,446
15280.jpg,417,305,2,123,21,540,326
178.jpg,185,145,2,0,31,185,176
183.jpg,240,320,2,0,0,240,320
195.jpg,280,186,2,0,28,280,214
146.jpg,195,117,2,5,41,200,158
111.jpg,109,111,2,23,5,132,116
15852.jpg,516,320,2,57,16,573,336
15321.jpg,477,450,2,51,0,528,450
135.jpg,148,111,2,17,0,165,111
115.jpg,193,127,2,3,7,196,134
116.jpg,210,181,2,0,3,210,184
128.jpg,640,539,2,0,0,640,539
152.jpg,219,177,2,25,51,244,228
144.jpg,139,106,2,0,24,139,130
118.jpg,169,114,2,0,0,169,114
13728.jpg,364,212,2,88,112,452,324
15320.jpg,281,240,2,231,25,512,265
119.jpg,123,106,2,0,39,123,145
188.jpg,127,108,2,90,61,217,169
11078.jpg,360,308,2,60,22,420,330
13726.jpg,308,162,2,252,190,560,352
161.jpg,210,158,2,0,0,210,158
114.jpg,200,150,2,0,0,200,150
112.jpg,168,165,2,2,80,170,245
169.jpg,204,131,2,6,11,210,142
196.jpg,320,300,2,37,40,357,340
15444.jpg,318,528,2,35,55,353,583
187.jpg,336,297,2,90,22,426,319
104.jpg,298,115,2,25,18,323,133
124.jpg,450,337,2,0,0,450,337
131.jpg,245,181,2,0,19,245,200
11258.jpg,332,300,2,67,49,399,349
11298.jpg,398,322,2,26,33,424,355
10768.jpg,472,342,2,6,15,478,357
145.jpg,618,378,2,16,38,634,416
155.jpg,420,350,2,33,44,453,394
101.jpg,521,465,2,52,0,573,465
182.jpg,211,142,2,0,66,211,208
166.jpg,567,411,2,0,14,567,425
120.jpg,240,180,2,0,0,240,180
193.jpg,583,480,2,57,0,640,480
197.jpg,385,332,2,115,30,500,362
177.jpg,640,480,2,0,0,640,480
16109.jpg,399,628,2,43,12,442,640
162.jpg,213,140,2,0,8,213,148
199.jpg,160,106,2,0,0,160,106
192.jpg,254,190,2,52,30,306,220
11079.jpg,353,331,2,55,12,408,343
170.jpg,396,287,2,0,73,396,360
15245.jpg,543,352,2,42,0,585,352
110.jpg,206,160,2,11,3,217,163
181.jpg,179,141,2,0,159,179,300
151.jpg,334,271,2,45,37,379,308
141.jpg,114,82,2,20,13,134,95
100.jpg,270,227,2,23,0,293,227
143.jpg,454,286,2,0,24,454,310
9236.jpg,269,260,3,100,31,369,291
273.jpg,448,312,3,0,24,448,336
9274.jpg,265,297,3,0,87,265,384
221.jpg,290,165,3,12,37,302,202
244.jpg,384,288,3,0,0,384,288
249.jpg,287,224,3,0,0,287,224
220.jpg,372,302,3,0,34,372,336
248.jpg,350,285,3,0,0,350,285
275.jpg,250,153,3,0,32,250,185
251.jpg,400,300,3,0,0,400,300
206.jpg,640,480,3,0,0,640,480
11057.jpg,369,323,3,64,19,433,342
250.jpg,142,114,3,8,15,150,129
213.jpg,223,177,3,35,17,258,194
276.jpg,284,253,3,0,79,284,332
12656.jpg,200,151,3,40,0,240,151
11056.jpg,363,312,3,66,24,429,336
224.jpg,177,126,3,13,13,190,139
271.jpg,264,237,3,0,115,264,352
240.jpg,220,139,3,0,30,220,169
231.jpg,370,213,3,62,62,432,275
252.jpg,180,141,3,0,0,180,141
296.jpg,572,402,3,0,24,572,426
225.jpg,540,405,3,0,0,540,405
212.jpg,250,161,3,0,75,250,236
283.jpg,460,452,3,0,141,460,593
13790.jpg,440,220,3,45,180,485,400
258.jpg,250,172,3,0,28,250,200
236.jpg,280,210,3,0,0,280,210
10770.jpg,267,372,3,0,50,267,422
222.jpg,294,150,3,6,43,300,193
246.jpg,340,310,3,160,65,500,375
239.jpg,220,139,3,0,24,220,163
284.jpg,297,289,3,89,0,386,289
223.jpg,540,405,3,0,0,540,405
226.jpg,272,222,3,22,10,294,232
216.jpg,378,300,3,22,0,400,300
204.jpg,230,146,3,0,27,230,173
253.jpg,230,156,3,0,32,230,188
15718.jpg,348,343,3,250,90,598,433
13792.jpg,264,160,3,172,220,436,380
12649.jpg,134,226,3,40,44,174,270
279.jpg,320,214,3,0,26,320,240
254.jpg,240,270,3,0,0,240,270
259.jpg,230,199,3,0,17,230,216
292.jpg,300,218,3,8,0,308,218
202.jpg,250,107,3,0,31,250,138
235.jpg,600,226,3,0,0,600,226
297.jpg,300,321,3,0,16,300,337
233.jpg,170,112,3,17,19,187,131
286.jpg,261,238,3,120,34,381,272
219.jpg,321,200,3,17,16,338,216
10772.jpg,429,360,3,13,0,442,360
270.jpg,320,180,3,0,0,320,180
274.jpg,240,230,3,0,68,240,298
264.jpg,178,158,3,62,68,240,226
265.jpg,160,120,3,0,0,160,120
207.jpg,176,121,3,5,5,181,126
210.jpg,320,240,3,0,0,320,240
229.jpg,300,225,3,0,0,300,225
16066.jpg,445,372,3,75,35,520,407
218.jpg,400,344,3,0,136,400,480
243.jpg,116,105,3,84,0,200,105
247.jpg,250,152,3,44,88,294,240
205.jpg,320,240,3,0,0,320,240
9319.jpg,363,296,3,63,25,426,321
217.jpg,240,180,3,0,0,240,180
268.jpg,144,113,3,44,3,188,116
288.jpg,250,265,3,0,0,250,265
228.jpg,304,300,3,0,0,304,300
203.jpg,522,400,3,0,80,522,480
215.jpg,224,122,3,0,49,224,171
257.jpg,286,110,3,12,98,298,208
14105.jpg,472,372,3,80,60,552,432
241.jpg,164,160,3,0,0,164,160
263.jpg,320,240,3,0,0,320,240
298.jpg,298,206,3,16,16,314,222
294.jpg,180,184,3,0,45,180,229
255.jpg,149,145,3,33,0,182,145
260.jpg,250,162,3,38,26,288,188
285.jpg,480,360,3,0,0,480,360
200.jpg,388,256,3,0,83,388,339
211.jpg,230,193,3,0,14,230,207
13990.jpg,344,320,3,0,78,344,398
232.jpg,220,179,3,0,0,220,179
245.jpg,250,117,3,0,31,250,148
282.jpg,250,166,3,0,0,250,166
299.jpg,171,180,3,69,0,240,180
280.jpg,342,254,3,0,0,342,254
208.jpg,196,122,3,5,62,201,184
266.jpg,527,450,3,73,0,600,450
13772.jpg,307,244,4,1,25,308,269
336.jpg,186,160,4,21,0,207,160
395.jpg,640,480,4,0,0,640,480
314.jpg,318,234,4,0,6,318,240
379.jpg,380,285,4,0,0,380,285
358.jpg,247,187,4,3,0,250,187
11534.jpg,388,312,4,51,32,439,344
15436.jpg,374,275,4,98,51,472,326
309.jpg,215,163,4,11,35,226,198
349.jpg,210,204,4,18,9,228,213
323.jpg,350,250,4,0,0,350,250
325.jpg,105,76,4,13,5,118,81
391.jpg,400,300,4,0,0,400,300
385.jpg,296,240,4,8,0,304,240
357.jpg,400,256,4,0,0,400,256
365.jpg,280,210,4,0,0,280,210
15726.jpg,475,448,4,78,2,553,450
345.jpg,320,238,4,0,2,320,240
303.jpg,198,168,4,51,39,249,207
328.jpg,314,240,4,0,0,314,240
390.jpg,290,218,4,0,0,290,218
307.jpg,246,215,4,0,0,246,215
308.jpg,235,145,4,15,12,250,157
15588.jpg,497,432,4,46,1,543,433
360.jpg,230,230,4,0,0,230,230
367.jpg,533,470,4,40,58,573,528
313.jpg,220,187,4,0,1,220,188
351.jpg,184,157,4,27,6,211,163
331.jpg,170,137,4,42,18,212,155
310.jpg,368,276,4,0,0,368,276
10802.jpg,441,315,4,24,15,465,330
305.jpg,230,150,4,0,0,230,150
15768.jpg,299,269,4,137,0,436,269
388.jpg,400,420,4,0,98,400,518
363.jpg,400,300,4,0,0,400,300
356.jpg,210,184,4,0,149,210,333
11480.jpg,441,338,4,22,22,463,360
389.jpg,618,480,4,0,0,618,480
342.jpg,500,375,4,0,0,500,375
318.jpg,350,262,4,0,0,350,262
368.jpg,400,300,4,0,0,400,300
393.jpg,337,300,4,0,0,337,300
15871.jpg,387,343,4,90,32,477,375
315.jpg,227,220,4,0,23,227,243
304.jpg,196,147,4,0,0,196,147
375.jpg,252,204,4,0,0,252,204
311.jpg,432,367,4,57,6,489,373
372.jpg,193,169,4,0,0,193,169
339.jpg,174,167,4,30,4,204,171
394.jpg,221,206,4,0,0,221,206
321.jpg,488,364,4,0,116,488,480
337.jpg,179,168,4,37,12,216,180
341.jpg,275,258,4,145,80,420,338
355.jpg,320,240,4,0,0,320,240
377.jpg,180,172,4,0,22,180,194
10643.jpg,384,286,4,48,27,432,313
15610.jpg,323,280,4,270,43,593,323
14302.jpg,427,372,4,356,17,783,389
381.jpg,246,149,4,33,14,279,163
320.jpg,200,200,4,0,0,200,200
346.jpg,168,147,4,12,0,180,147
338.jpg,162,155,4,30,7,192,162
335.jpg,131,128,4,63,0,194,128
11380.jpg,357,322,4,117,0,474,322
316.jpg,350,322,4,0,0,350,322
16697.jpg,421,348,4,5,45,426,393
371.jpg,800,600,4,0,0,800,600
324.jpg,342,283,4,1,3,343,286
396.jpg,391,268,4,9,0,400,268
300.jpg,800,600,4,0,0,800,600
327.jpg,198,180,4,0,60,198,240
362.jpg,183,165,4,52,3,235,168
312.jpg,640,480,4,0,0,640,480
384.jpg,554,480,4,0,0,554,480
343.jpg,201,174,4,63,21,264,195
302.jpg,235,220,4,15,30,250,250
397.jpg,165,130,4,0,0,165,130
9283.jpg,417,278,4,25,31,442,309
352.jpg,182,148,4,25,12,207,160
350.jpg,249,195,4,0,33,249,228
15929.jpg,416,306,4,101,27,517,333
9115.jpg,395,289,4,28,36,423,325
340.jpg,453,320,4,0,0,453,320
344.jpg,210,280,4,0,0,210,280
332.jpg,194,182,4,79,4,273,186
15607.jpg,305,285,4,110,41,415,326
347.jpg,150,194,4,0,48,150,242
15645.jpg,262,257,4,8,91,270,348
366.jpg,320,240,4,0,0,320,240
333.jpg,161,140,4,43,13,204,153
16304.jpg,482,420,4,94,17,576,437
392.jpg,284,240,4,0,0,284,240
376.jpg,350,289,4,0,0,350,289
317.jpg,320,223,4,2,35,322,258
383.jpg,331,259,4,0,41,331,300
14470.jpg,388,380,4,1,56,389,436
15662.jpg,307,239,5,33,113,340,352
414.jpg,182,174,5,37,22,219,196
16267.jpg,372,340,5,6,48,378,388
470.jpg,204,174,5,66,16,270,190
488.jpg,420,288,5,0,27,420,315
16681.jpg,380,346,5,6,84,386,430
435.jpg,300,220,5,27,11,327,231
14739.jpg,640,480,5,0,0,640,480
406.jpg,250,199,5,16,9,266,208
450.jpg,312,264,5,0,0,312,264
14740.jpg,640,480,5,0,0,640,480
457.jpg,245,220,5,48,22,293,242
491.jpg,315,240,5,9,24,324,264
463.jpg,412,208,5,23,82,435,290
15579.jpg,373,404,5,4,138,377,542
442.jpg,202,163,5,27,14,229,177
410.jpg,308,261,5,15,10,323,271
10708.jpg,337,319,5,0,69,337,388
14857.jpg,504,414,5,0,36,504,450
401.jpg,280,210,5,0,0,280,210
409.jpg,296,229,5,21,15,317,244
422.jpg,329,259,5,0,0,329,259
475.jpg,440,268,5,172,44,612,312
432.jpg,240,144,5,0,0,240,144
483.jpg,167,132,5,18,13,185,145
425.jpg,251,222,5,0,0,251,222
15144.jpg,302,350,5,30,52,332,402
428.jpg,218,198,5,0,0,218,198
16707.jpg,395,345,5,17,45,412,390
426.jpg,242,200,5,18,10,260,210
478.jpg,379,378,5,0,0,379,378
413.jpg,159,142,5,0,0,159,142
12178.jpg,220,190,5,0,55,220,245
464.jpg,331,301,5,52,6,383,307
472.jpg,285,182,5,26,31,311,213
496.jpg,313,269,5,34,18,347,287
11247.jpg,353,292,5,49,21,402,313
420.jpg,268,247,5,34,11,302,258
481.jpg,190,158,5,0,0,190,158
482.jpg,293,245,5,25,17,318,262
11233.jpg,469,360,5,0,0,469,360
412.jpg,346,223,5,13,46,359,269
492.jpg,193,168,5,8,16,201,184
461.jpg,246,184,5,0,0,246,184
14836.jpg,450,489,5,0,235,450,724
13765.jpg,500,454,5,58,2,558,456
16250.jpg,292,246,5,10,140,302,386
486.jpg,270,225,5,0,19,270,244
15781.jpg,333,331,5,125,97,458,428
439.jpg,153,114,5,10,6,163,120
14852.jpg,450,420,5,0,151,450,571
467.jpg,367,250,5,273,172,640,422
467.jpg,192,102,5,44,150,236,252
447.jpg,247,213,5,49,34,296,247
434.jpg,155,135,5,0,0,155,135
404.jpg,480,309,5,0,0,480,309
15810.jpg,355,308,5,242,0,597,308
446.jpg,312,257,5,12,6,324,263
445.jpg,279,256,5,24,5,303,261
433.jpg,254,212,5,0,0,254,212
14094.jpg,342,253,5,23,130,365,383
16015.jpg,321,271,5,175,87,496,358
455.jpg,240,227,5,0,39,240,266
9177.jpg,319,339,5,21,54,340,393
15442.jpg,268,225,5,170,143,438,368
16112.jpg,381,355,5,1,63,382,418
15403.jpg,336,328,5,264,56,600,384
495.jpg,486,297,5,88,56,574,353
415.jpg,287,233,5,25,19,312,252
407.jpg,195,164,5,26,20,221,184
421.jpg,324,269,5,0,0,324,269
493.jpg,189,169,5,16,16,205,185
13762.jpg,451,389,5,1,184,452,573
416.jpg,252,196,5,10,8,262,204
14826.jpg,314,301,5,66,157,380,458
419.jpg,509,369,5,0,1,509,370
10863.jpg,360,480,5,0,0,360,480
456.jpg,409,321,5,41,0,450,321
405.jpg,283,235,5,23,21,306,256
474.jpg,284,171,5,19,42,303,213
10709.jpg,353,318,5,7,90,360,408
466.jpg,442,291,5,133,110,575,401
14879.jpg,396,378,5,244,24,640,402
15720.jpg,297,288,5,303,152,600,440
477.jpg,115,99,5,69,39,184,138
498.jpg,442,425,5,10,20,452,445
424.jpg,303,266,5,18,14,321,280
13771.jpg,340,269,5,48,36,388,305
400.jpg,400,300,5,0,0,400,300
411.jpg,187,136,5,0,50,187,186
494.jpg,146,124,5,64,22,210,146
465.jpg,500,375,5,0,0,500,375
402.jpg,226,200,5,28,24,254,224
417.jpg,210,158,5,0,0,210,158
438.jpg,287,248,5,23,12,310,260
408.jpg,265,226,5,6,0,271,226
479.jpg,224,163,5,1,22,225,185
13767.jpg,340,320,5,248,92,588,412
469.jpg,456,376,5,0,28,456,404
14838.jpg,600,711,5,0,42,600,753
476.jpg,184,151,5,14,2,198,153
458.jpg,248,179,5,19,14,267,193
471.jpg,290,194,5,3,16,293,210
485.jpg,271,236,5,5,6,276,242
14858.jpg,268,293,5,0,204,268,497
11248.jpg,348,289,5,60,18,408,307
427.jpg,302,246,5,10,9,312,255
14821.jpg,484,472,5,56,8,540,480
10843.jpg,248,434,5,20,0,268,434
489.jpg,467,436,5,54,16,521,452
14860.jpg,300,274,5,2,114,302,388
15648.jpg,390,362,5,18,40,408,402
448.jpg,306,250,5,17,4,323,254
490.jpg,180,176,5,0,30,180,206
423.jpg,312,254,5,12,8,324,262
418.jpg,242,213,5,15,6,257,219
462.jpg,230,150,5,0,0,230,150
14859.jpg,380,368,5,126,0,506,368
431.jpg,267,227,5,32,22,299,249
14922.jpg,260,244,5,242,168,502,412
13020.jpg,204,180,6,296,171,500,351
593.jpg,192,144,6,0,0,192,144
547.jpg,176,141,6,0,3,176,144
14027.jpg,415,386,6,1,85,416,471
548.jpg,240,180,6,0,0,240,180
15541.jpg,535,330,6,43,90,578,420
502.jpg,300,177,6,0,111,300,288
526.jpg,288,180,6,16,16,304,196
13722.jpg,360,339,6,20,45,380,384
537.jpg,300,300,6,0,0,300,300
11411.jpg,418,219,6,0,81,418,300
16097.jpg,382,326,6,15,122,397,448
3824.jpg,282,275,6,46,91,328,366
529.jpg,320,240,6,0,0,320,240
503.jpg,450,288,6,0,50,450,338
14220.jpg,184,150,6,22,9,206,159
588.jpg,192,144,6,0,0,192,144
598.jpg,419,303,6,48,29,467,332
12899.jpg,211,170,6,0,216,211,386
572.jpg,240,320,6,0,0,240,320
14676.jpg,487,397,6,106,26,593,423
10978.jpg,478,355,6,0,0,478,355
9047.jpg,267,241,6,69,45,336,286
557.jpg,192,144,6,0,0,192,144
15129.jpg,456,504,6,19,153,475,657
12900.jpg,253,215,6,247,160,500,375
10839.jpg,360,476,6,0,1,360,477
7135.jpg,462,297,6,9,50,471,347
13773.jpg,462,327,6,58,33,520,360
11582.jpg,135,192,6,103,25,238,217
594.jpg,192,144,6,0,0,192,144
11692.jpg,725,599,6,20,1,745,600
12871.jpg,332,281,6,168,94,500,375
15604.jpg,198,315,6,25,26,223,341
12890.jpg,197,165,6,303,119,500,284
15722.jpg,262,222,6,110,0,372,222
15724.jpg,485,335,6,83,24,568,359
10952.jpg,360,480,6,0,0,360,480
13976.jpg,428,393,6,1,74,429,467
15777.jpg,355,346,6,1,55,356,401
10998.jpg,360,476,6,0,4,360,480
11617.jpg,339,291,6,0,63,339,354
595.jpg,192,144,6,0,0,192,144
12923.jpg,256,202,6,233,0,489,202
13794.jpg,284,232,6,20,8,304,240
525.jpg,500,400,6,0,0,500,400
519.jpg,197,131,6,4,0,201,131
559.jpg,192,144,6,0,0,192,144
10575.jpg,328,282,6,42,33,370,315
12904.jpg,132,125,6,283,88,415,213
12904.jpg,75,57,6,28,6,103,63
11060.jpg,415,332,6,33,4,448,336
15693.jpg,490,337,6,57,0,547,337
13964.jpg,480,542,6,0,38,480,580
12905.jpg,151,152,6,0,99,151,251
10957.jpg,240,288,6,0,39,240,327
12898.jpg,281,228,6,0,117,281,345
14087.jpg,405,250,6,338,256,743,506
570.jpg,148,105,6,9,34,157,139
12881.jpg,90,93,6,270,88,360,181
12881.jpg,100,89,6,181,62,281,151
15957.jpg,600,321,6,0,62,600,383
15954.jpg,409,327,6,1,90,410,417
16712.jpg,346,306,6,290,87,636,393
13737.jpg,386,250,6,22,20,408,270
505.jpg,236,131,6,22,145,258,276
13860.jpg,243,135,6,41,54,284,189
504.jpg,175,130,6,31,13,206,143
520.jpg,240,284,6,0,36,240,320
590.jpg,240,320,6,0,0,240,320
16619.jpg,320,359,6,62,115,382,474
561.jpg,211,144,6,0,0,211,144
10856.jpg,480,468,6,0,12,480,480
15908.jpg,421,359,6,32,85,453,444
578.jpg,234,156,6,40,46,274,202
571.jpg,292,220,6,0,0,292,220
12929.jpg,287,268,6,263,78,550,346
10898.jpg,360,304,6,0,66,360,370
550.jpg,400,259,6,0,0,400,259
10827.jpg,480,312,6,0,24,480,336
554.jpg,180,144,6,6,0,186,144
14628.jpg,179,150,6,0,90,179,240
545.jpg,169,168,6,3,3,172,171
518.jpg,181,109,6,11,54,192,163
15900.jpg,547,405,6,53,8,600,413
14052.jpg,402,275,6,186,310,588,585
573.jpg,244,152,6,28,38,272,190
5502.jpg,133,99,6,16,53,149,152
560.jpg,192,144,6,0,0,192,144
506.jpg,490,259,6,61,186,551,445
11234.jpg,480,305,6,0,55,480,360
13786.jpg,182,180,6,2,46,184,226
13672.jpg,306,298,6,20,120,326,418
522.jpg,366,342,6,54,7,420,349
11545.jpg,480,360,6,0,0,480,360
512.jpg,336,213,6,20,68,356,281
541.jpg,137,125,6,66,20,203,145
15639.jpg,299,295,6,277,155,576,450
589.jpg,192,144,6,0,0,192,144
513.jpg,139,125,6,88,15,227,140
15609.jpg,480,614,6,0,26,480,640
15949.jpg,382,301,6,5,10,387,311
15923.jpg,320,262,6,133,28,453,290
13892.jpg,618,406,6,22,42,640,448
583.jpg,236,162,6,38,28,274,190
530.jpg,320,240,6,0,0,320,240
13934.jpg,436,436,6,1,202,437,638
524.jpg,312,234,6,8,0,320,234
12886.jpg,149,110,6,89,40,238,150
12886.jpg,180,147,6,61,142,241,289
15163.jpg,243,244,6,288,41,531,285
16611.jpg,330,306,6,267,116,597,422
10751.jpg,360,333,6,0,67,360,400
12901.jpg,136,80,6,0,0,136,80
12872.jpg,371,258,6,0,117,371,375
528.jpg,250,145,6,0,26,250,171
515.jpg,375,291,6,39,0,414,291
15658.jpg,384,309,6,152,36,536,345
10857.jpg,473,406,6,7,20,480,426
9360.jpg,360,367,6,0,54,360,421
535.jpg,192,144,6,0,0,192,144
11171.jpg,351,387,6,0,34,351,421
9272.jpg,480,306,6,0,45,480,351
580.jpg,500,332,6,0,25,500,357
15124.jpg,370,328,6,0,13,370,341
10763.jpg,447,287,6,22,34,469,321
12928.jpg,158,126,6,180,30,338,156
584.jpg,232,140,6,22,28,254,168
13709.jpg,380,258,6,128,68,508,326
15615.jpg,400,361,6,197,2,597,363
521.jpg,372,299,6,4,33,376,332
13980.jpg,344,359,6,92,124,436,483
500.jpg,239,188,6,11,33,250,221
11228.jpg,429,351,6,0,9,429,360
508.jpg,199,123,6,22,82,221,205
15663.jpg,345,307,6,240,60,585,367
567.jpg,133,100,6,0,0,133,100
579.jpg,248,152,6,26,36,274,188
12880.jpg,171,163,6,147,196,318,359
12880.jpg,182,161,6,305,142,487,303
532.jpg,300,183,6,0,0,300,183
509.jpg,459,291,6,61,0,520,291
9058.jpg,353,349,6,101,56,454,405
11383.jpg,384,438,6,0,42,384,480
577.jpg,252,180,6,18,44,270,224
14730.jpg,180,190,6,26,30,206,220
16280.jpg,497,348,6,56,2,553,350
15815.jpg,362,341,6,235,36,597,377
15044.jpg,306,321,6,30,96,336,417
556.jpg,192,144,6,0,0,192,144
11667.jpg,149,118,6,328,75,477,193
15922.jpg,346,301,6,122,82,468,383
539.jpg,130,123,6,77,36,207,159
12888.jpg,145,133,6,13,80,158,213
12913.jpg,414,277,6,386,31,800,308
11863.jpg,325,307,6,91,163,416,470
591.jpg,160,114,6,0,15,160,129
549.jpg,179,140,6,31,32,210,172
12878.jpg,114,105,6,303,100,417,205
12878.jpg,101,105,6,214,58,315,163
13699.jpg,416,311,6,144,49,560,360
540.jpg,337,220,6,38,55,375,275
565.jpg,455,320,6,0,38,455,358
12897.jpg,189,253,6,0,3,189,256
9285.jpg,384,323,6,30,10,414,333
542.jpg,389,167,6,7,26,396,193
12879.jpg,218,155,6,15,71,233,226
586.jpg,234,154,6,44,20,278,174
531.jpg,180,169,6,0,0,180,169
555.jpg,192,144,6,0,0,192,144
9213.jpg,442,306,6,21,27,463,333
516.jpg,150,140,6,11,29,161,169
11068.jpg,480,321,6,0,39,480,360
599.jpg,240,310,6,0,10,240,320
14046.jpg,670,540,6,43,31,713,571
15904.jpg,586,443,6,7,0,593,443
14567.jpg,210,216,6,2,64,212,280
510.jpg,500,320,6,0,20,500,340
544.jpg,227,146,6,5,11,232,157
10804.jpg,435,360,6,3,0,438,360
507.jpg,300,164,6,0,40,300,204
14488.jpg,410,512,6,36,99,446,611
13711.jpg,320,238,6,78,66,398,304
16032.jpg,375,432,6,8,106,383,538
16057.jpg,358,343,6,242,80,600,423
12883.jpg,264,161,6,206,56,470,217
582.jpg,232,148,6,32,34,264,182
596.jpg,192,144,6,0,0,192,144
9125.jpg,323,374,6,25,64,348,438
12909.jpg,160,270,6,4,98,164,368
14427.jpg,183,214,6,26,12,209,226
553.jpg,580,509,6,0,16,580,525
587.jpg,192,144,6,0,0,192,144
563.jpg,180,150,6,0,30,180,180
11502.jpg,99,90,6,88,69,187,159
11502.jpg,105,108,6,3,126,108,234
564.jpg,192,144,6,0,0,192,144
581.jpg,191,105,6,11,19,202,124
15203.jpg,318,324,6,255,12,573,336
13756.jpg,389,263,6,8,54,397,317
15298.jpg,459,337,6,73,0,532,337
12889.jpg,153,81,6,300,113,453,194
12889.jpg,175,123,6,325,192,500,315
673.jpg,258,268,7,0,0,258,268
14586.jpg,774,534,7,1,21,775,555
11102.jpg,426,359,7,15,0,441,359
636.jpg,248,132,7,0,26,248,158
10655.jpg,202,74,7,87,132,289,206
10655.jpg,231,117,7,81,190,312,307
13719.jpg,250,232,7,186,152,436,384
10717.jpg,249,121,7,13,132,262,253
10717.jpg,64,74,7,117,112,181,186
10717.jpg,69,76,7,160,142,229,218
10717.jpg,169,109,7,51,242,220,351
10717.jpg,175,107,7,153,250,328,357
613.jpg,210,109,7,0,21,210,130
683.jpg,248,206,7,34,26,282,232
626.jpg,287,166,7,0,0,287,166
629.jpg,251,148,7,10,19,261,167
609.jpg,212,152,7,13,30,225,182
677.jpg,250,167,7,12,8,262,175
646.jpg,235,155,7,23,42,258,197
610.jpg,178,127,7,0,0,178,127
665.jpg,210,132,7,2,6,212,138
14569.jpg,252,207,7,34,29,286,236
647.jpg,111,92,7,52,20,163,112
14359.jpg,694,381,7,16,175,710,556
600.jpg,503,242,7,14,6,517,248
627.jpg,225,123,7,74,67,299,190
607.jpg,121,68,7,32,141,153,209
640.jpg,549,316,7,6,0,555,316
639.jpg,119,73,7,23,29,142,102
15121.jpg,577,296,7,20,28,597,324
693.jpg,204,89,7,42,44,246,133
16104.jpg,590,339,7,1,103,591,442
14572.jpg,172,117,7,76,123,248,240
672.jpg,498,293,7,2,58,500,351
633.jpg,180,127,7,0,0,180,127
635.jpg,320,188,7,0,12,320,200
630.jpg,180,122,7,0,10,180,132
15782.jpg,516,448,7,30,0,546,448
9093.jpg,367,241,7,45,27,412,268
623.jpg,540,241,7,0,0,540,241
14570.jpg,268,201,7,4,36,272,237
603.jpg,186,118,7,0,5,186,123
680.jpg,175,120,7,12,22,187,142
698.jpg,320,186,7,0,40,320,226
14677.jpg,350,228,7,16,178,366,406
15460.jpg,502,450,7,0,0,502,450
9049.jpg,474,248,7,114,126,588,374
624.jpg,204,173,7,0,4,204,177
15172.jpg,455,433,7,25,0,480,433
604.jpg,275,191,7,9,5,284,196
14579.jpg,777,580,7,23,16,800,596
10577.jpg,213,123,7,66,129,279,252
14070.jpg,346,175,7,45,376,391,551
14840.jpg,587,579,7,86,21,673,600
15919.jpg,532,450,7,20,0,552,450
9204.jpg,417,237,7,63,60,480,297
666.jpg,300,209,7,0,88,300,297
685.jpg,261,125,7,1,41,262,166
696.jpg,97,139,7,79,12,176,151
675.jpg,378,240,7,9,31,387,271
15116.jpg,640,312,7,0,90,640,402
643.jpg,214,162,7,1,6,215,168
641.jpg,207,135,7,10,8,217,143
689.jpg,135,164,7,73,22,208,186
10854.jpg,276,109,7,130,66,406,175
10854.jpg,316,141,7,93,157,409,298
616.jpg,187,135,7,23,49,210,184
15918.jpg,479,574,7,0,37,479,611
632.jpg,730,200,7,0,0,730,200
13753.jpg,340,221,7,156,32,496,253
690.jpg,113,170,7,91,18,204,188
621.jpg,145,97,7,44,22,189,119
614.jpg,180,137,7,0,0,180,137
9231.jpg,480,323,7,0,13,480,336
682.jpg,444,307,7,5,0,449,307
14529.jpg,757,595,7,28,1,785,596
618.jpg,147,78,7,42,25,189,103
9203.jpg,255,339,7,0,78,255,417
681.jpg,223,92,7,12,15,235,107
10852.jpg,212,285,7,49,30,261,315
10852.jpg,276,248,7,195,58,471,306
664.jpg,320,242,7,0,50,320,292
691.jpg,171,173,7,60,13,231,186
9237.jpg,408,253,7,51,69,459,322
684.jpg,268,194,7,0,1,268,195
606.jpg,160,99,7,20,26,180,125
692.jpg,171,174,7,66,12,237,186
14672.jpg,445,282,7,0,140,445,422
642.jpg,180,146,7,20,9,200,155
615.jpg,640,480,7,0,0,640,480
14571.jpg,112,104,7,0,82,112,186
655.jpg,200,104,7,0,28,200,132
14720.jpg,217,175,7,11,41,228,216
669.jpg,230,118,7,0,16,230,134
674.jpg,400,267,7,0,18,400,285
605.jpg,196,92,7,51,49,247,141
11361.jpg,175,243,7,30,51,205,294
9124.jpg,270,177,7,48,133,318,310
617.jpg,218,134,7,0,0,218,134
13682.jpg,796,596,7,0,0,796,596
620.jpg,195,137,7,40,13,235,150
658.jpg,175,131,7,0,0,175,131
686.jpg,778,179,7,0,0,778,179
634.jpg,593,325,7,0,2,593,327
625.jpg,200,150,7,0,0,200,150
14384.jpg,222,192,7,201,285,423,477
628.jpg,135,92,7,58,24,193,116
608.jpg,305,218,7,34,80,339,298
653.jpg,250,153,7,0,38,250,191
15049.jpg,600,360,7,0,0,600,360
619.jpg,190,130,7,0,0,190,130
654.jpg,200,98,7,0,31,200,129
671.jpg,600,449,7,0,1,600,450
697.jpg,312,70,7,18,129,330,199
15307.jpg,414,306,7,4,69,418,375
670.jpg,98,105,7,17,39,115,144
631.jpg,277,200,7,9,13,286,213
699.jpg,180,147,7,0,7,180,154
13681.jpg,733,555,7,58,23,791,578
678.jpg,140,83,7,8,21,148,104
656.jpg,237,130,7,0,22,237,152
612.jpg,115,91,7,72,11,187,102
679.jpg,180,148,7,39,18,219,166
687.jpg,288,200,7,0,0,288,200
9051.jpg,226,298,7,10,14,236,312
14657.jpg,640,478,7,0,0,640,478
663.jpg,270,154,7,0,14,270,168
9185.jpg,203,259,7,94,57,297,316
650.jpg,198,147,7,16,18,214,165
742.jpg,207,324,8,244,0,451,324
799.jpg,401,338,8,24,0,425,338
744.jpg,400,300,8,0,0,400,300
737.jpg,240,320,8,0,0,240,320
763.jpg,328,319,8,0,157,328,476
706.jpg,480,299,8,0,61,480,360
715.jpg,353,265,8,0,0,353,265
771.jpg,350,280,8,37,12,387,292
716.jpg,480,501,8,0,109,480,610
727.jpg,339,221,8,46,117,385,338
718.jpg,764,404,8,14,105,778,509
707.jpg,640,480,8,0,0,640,480
729.jpg,608,280,8,32,0,640,280
739.jpg,775,519,8,0,0,775,519
723.jpg,688,600,8,0,0,688,600
722.jpg,244,213,8,143,84,387,297
713.jpg,360,480,8,0,0,360,480
780.jpg,456,332,8,0,0,456,332
770.jpg,404,303,8,0,0,404,303
757.jpg,400,489,8,0,13,400,502
782.jpg,203,182,8,24,67,227,249
700.jpg,161,146,8,175,62,336,208
751.jpg,358,320,8,0,59,358,379
755.jpg,500,347,8,0,0,500,347
703.jpg,480,496,8,0,16,480,512
791.jpg,423,291,8,35,41,458,332
701.jpg,351,243,8,72,24,423,267
761.jpg,350,233,8,0,16,350,249
728.jpg,404,480,8,236,0,640,480
704.jpg,502,522,8,0,228,502,750
756.jpg,222,195,8,0,26,222,221
740.jpg,500,375,8,0,0,500,375
736.jpg,500,340,8,0,35,500,375
733.jpg,278,377,8,0,123,278,500
735.jpg,690,366,8,0,234,690,600
788.jpg,400,308,8,0,13,400,321
795.jpg,378,293,8,73,0,451,293
717.jpg,480,360,8,0,0,480,360
764.jpg,320,210,8,0,30,320,240
796.jpg,410,329,8,40,9,450,338
747.jpg,450,397,8,0,0,450,397
710.jpg,480,483,8,0,234,480,717
759.jpg,400,300,8,0,0,400,300
721.jpg,289,219,8,0,0,289,219
743.jpg,512,384,8,0,0,512,384
702.jpg,317,263,8,243,173,560,436
776.jpg,400,300,8,0,0,400,300
765.jpg,474,362,8,103,77,577,439
719.jpg,559,409,8,57,9,616,418
295.jpg,313,255,8,14,25,327,280
732.jpg,600,340,8,0,45,600,385
778.jpg,280,329,8,0,0,280,329
783.jpg,280,328,8,0,16,280,344
753.jpg,640,480,8,0,0,640,480
708.jpg,800,595,8,0,5,800,600
792.jpg,389,292,8,0,0,389,292
746.jpg,480,422,8,0,58,480,480
794.jpg,289,255,8,0,34,289,289
724.jpg,640,468,8,0,12,640,480
711.jpg,765,551,8,14,29,779,580
705.jpg,640,480,8,0,0,640,480
767.jpg,562,312,8,18,84,580,396
760.jpg,347,221,8,2,38,349,259
772.jpg,300,450,8,0,0,300,450
709.jpg,356,302,8,0,130,356,432
766.jpg,280,245,8,0,54,280,299
775.jpg,261,255,8,0,0,261,255
777.jpg,353,175,8,0,0,353,175
734.jpg,354,244,8,18,40,372,284
731.jpg,400,460,8,240,0,640,460
787.jpg,300,165,8,0,131,300,296
762.jpg,391,273,8,18,27,409,300
769.jpg,414,336,8,36,2,450,338
785.jpg,240,270,8,0,16,240,286
786.jpg,357,260,8,21,21,378,281
726.jpg,301,300,8,0,32,301,332
730.jpg,350,223,8,0,27,350,250
758.jpg,567,437,8,46,9,613,446
714.jpg,448,334,8,0,2,448,336
842.jpg,250,174,9,0,0,250,174
882.jpg,653,600,9,78,0,731,600
11097.jpg,432,333,9,15,6,447,339
11045.jpg,378,303,9,45,42,423,345
10678.jpg,480,360,9,0,0,480,360
831.jpg,350,313,9,0,0,350,313
819.jpg,153,111,9,0,0,153,111
805.jpg,280,210,9,0,0,280,210
818.jpg,265,189,9,0,0,265,189
884.jpg,255,140,9,9,100,264,240
880.jpg,282,164,9,18,60,300,224
862.jpg,384,266,9,0,8,384,274
829.jpg,168,147,9,0,38,168,185
878.jpg,622,480,9,18,0,640,480
11454.jpg,250,269,9,21,106,271,375
865.jpg,154,144,9,25,6,179,150
15536.jpg,273,316,9,327,119,600,435
894.jpg,800,600,9,0,0,800,600
14226.jpg,179,155,9,17,0,196,155
9337.jpg,333,249,9,48,78,381,327
14650.jpg,416,480,9,0,0,416,480
804.jpg,250,134,9,0,18,250,152
11227.jpg,478,360,9,0,0,478,360
839.jpg,358,237,9,20,22,378,259
808.jpg,250,178,9,0,8,250,186
881.jpg,511,340,9,0,0,511,340
850.jpg,346,266,9,115,43,461,309
834.jpg,180,135,9,0,0,180,135
827.jpg,182,136,9,0,0,182,136
811.jpg,230,164,9,0,1,230,165
9280.jpg,244,221,9,9,136,253,357
15878.jpg,439,316,9,6,29,445,345
9273.jpg,282,377,9,6,70,288,447
10821.jpg,480,360,9,0,0,480,360
891.jpg,584,471,9,28,9,612,480
9147.jpg,373,345,9,60,0,433,345
815.jpg,320,192,9,0,48,320,240
885.jpg,681,600,9,65,0,746,600
13713.jpg,236,201,9,14,135,250,336
870.jpg,679,600,9,68,0,747,600
853.jpg,625,436,9,8,29,633,465
816.jpg,780,533,9,20,0,800,533
13630.jpg,580,343,9,76,153,656,496
814.jpg,291,250,9,59,0,350,250
13712.jpg,212,191,9,12,171,224,362
803.jpg,320,210,9,0,0,320,210
800.jpg,280,210,9,0,0,280,210
11065.jpg,436,354,9,33,6,469,360
7186.jpg,424,265,9,296,196,720,461
14234.jpg,112,110,9,1,50,113,160
847.jpg,310,186,9,10,54,320,240
873.jpg,444,327,9,0,33,444,360
15847.jpg,284,235,9,11,2,295,237
888.jpg,737,451,9,0,39,737,490
10710.jpg,480,330,9,0,30,480,360
14966.jpg,278,306,9,0,156,278,462
11000.jpg,478,360,9,0,0,478,360
837.jpg,252,173,9,48,28,300,201
886.jpg,677,600,9,66,0,743,600
898.jpg,487,320,9,58,76,545,396
15692.jpg,285,227,9,32,129,317,356
826.jpg,720,540,9,0,0,720,540
867.jpg,689,600,9,60,0,749,600
9184.jpg,313,231,9,33,105,346,336
856.jpg,502,389,9,82,64,584,453
5183.jpg,131,119,9,0,215,131,334
852.jpg,500,479,9,123,47,623,526
10582.jpg,480,360,9,0,0,480,360
11044.jpg,432,305,9,46,43,478,348
812.jpg,594,497,9,6,5,600,502
9181.jpg,210,235,9,9,105,219,340
809.jpg,320,240,9,0,0,320,240
15601.jpg,283,228,9,97,119,380,347
14861.jpg,715,587,9,13,13,728,600
876.jpg,604,392,9,16,56,620,448
9269.jpg,333,310,9,81,33,414,343
817.jpg,320,240,9,0,0,320,240
820.jpg,193,114,9,0,0,193,114
11596.jpg,360,292,9,0,118,360,410
868.jpg,679,600,9,49,0,728,600
875.jpg,320,240,9,0,0,320,240
899.jpg,508,352,9,54,77,562,429
857.jpg,452,332,9,89,52,541,384
897.jpg,352,288,9,0,0,352,288
13816.jpg,149,156,9,168,40,317,196
16387.jpg,338,296,9,33,132,371,428
874.jpg,640,408,9,0,19,640,427
861.jpg,553,429,9,40,29,593,458
859.jpg,619,405,9,21,29,640,434
869.jpg,708,600,9,47,0,755,600
838.jpg,400,286,9,0,14,400,300
14725.jpg,144,122,9,0,71,144,193
9278.jpg,242,273,9,25,102,267,375
824.jpg,300,165,9,0,15,300,180
11435.jpg,417,270,9,63,0,480,270
883.jpg,596,436,9,33,24,629,460
10784.jpg,267,375,9,0,46,267,421
854.jpg,437,332,9,108,72,545,404
11143.jpg,464,343,9,7,0,471,343
890.jpg,481,452,9,100,9,581,461
801.jpg,250,130,9,0,20,250,150
11145.jpg,465,349,9,3,0,468,349
13743.jpg,188,184,9,0,190,188,374
896.jpg,397,275,9,51,61,448,336
14898.jpg,247,271,9,131,260,378,531
802.jpg,250,120,9,0,33,250,153
844.jpg,640,480,9,0,0,640,480
11603.jpg,173,132,9,31,72,204,204
866.jpg,450,338,9,0,0,450,338
11507.jpg,334,304,9,15,96,349,400
895.jpg,350,250,9,0,0,350,250
15425.jpg,300,253,9,333,104,633,357
807.jpg,151,120,9,0,0,151,120
15865.jpg,218,208,9,53,22,271,230
11238.jpg,407,308,9,55,25,462,333
825.jpg,212,171,9,40,19,252,190
863.jpg,200,158,9,120,82,320,240
11113.jpg,381,321,9,39,39,420,360
840.jpg,230,152,9,0,13,230,165
14082.jpg,286,300,9,306,140,592,440
16693.jpg,292,274,9,1,130,293,404
9053.jpg,448,369,9,100,36,548,405
14593.jpg,180,175,9,28,126,208,301
855.jpg,603,449,9,17,24,620,473
848.jpg,313,238,9,54,44,367,282
830.jpg,220,165,9,0,0,220,165
2460.jpg,143,114,9,74,96,217,210
858.jpg,554,390,9,52,52,606,442
864.jpg,214,196,9,48,2,262,198
13697.jpg,176,169,9,24,173,200,342
13997.jpg,204,200,9,192,400,396,600
9179.jpg,318,231,9,108,48,426,279
849.jpg,363,315,9,33,32,396,347
813.jpg,295,186,9,0,11,295,197
871.jpg,640,480,9,0,0,640,480
947.jpg,320,210,10,0,30,320,240
988.jpg,397,337,10,0,0,397,337
14527.jpg,414,461,10,386,0,800,461
983.jpg,185,201,10,0,0,185,201
15469.jpg,368,428,10,0,98,368,526
998.jpg,240,282,10,0,8,240,290
975.jpg,268,200,10,52,18,320,218
970.jpg,203,132,10,22,41,225,173
935.jpg,244,226,10,76,14,320,240
940.jpg,220,148,10,0,35,220,183
902.jpg,400,282,10,0,18,400,300
955.jpg,448,448,10,80,0,528,448
951.jpg,162,129,10,18,11,180,140
13769.jpg,272,258,10,12,144,284,402
11671.jpg,387,288,10,79,0,466,288
993.jpg,351,243,10,0,57,351,300
960.jpg,158,136,10,0,0,158,136
11283.jpg,255,228,10,6,60,261,288
928.jpg,320,240,10,0,0,320,240
959.jpg,162,137,10,29,4,191,141
948.jpg,137,85,10,15,13,152,98
990.jpg,800,600,10,0,0,800,600
900.jpg,180,140,10,0,0,180,140
916.jpg,389,300,10,0,0,389,300
996.jpg,450,367,10,0,0,450,367
14764.jpg,378,352,10,330,60,708,412
13751.jpg,284,204,10,8,136,292,340
982.jpg,231,200,10,0,0,231,200
936.jpg,160,138,10,0,0,160,138
16190.jpg,257,217,10,5,24,262,241
938.jpg,160,122,10,0,0,160,122
968.jpg,276,230,10,0,19,276,249
991.jpg,202,176,10,20,18,222,194
971.jpg,353,238,10,52,110,405,348
907.jpg,195,180,10,0,0,195,180
15695.jpg,327,323,10,36,33,363,356
10836.jpg,452,337,10,25,3,477,340
974.jpg,208,131,10,10,19,218,150
15614.jpg,469,365,10,121,36,590,401
952.jpg,180,140,10,0,0,180,140
913.jpg,345,277,10,105,61,450,338
954.jpg,138,147,10,0,0,138,147
901.jpg,198,163,10,0,19,198,182
989.jpg,520,390,10,0,0,520,390
961.jpg,109,86,10,29,25,138,111
11616.jpg,182,182,10,13,142,195,324
912.jpg,201,200,10,0,0,201,200
9297.jpg,372,323,10,40,16,412,339
15051.jpg,442,342,10,108,51,550,393
985.jpg,477,367,10,34,29,511,396
932.jpg,250,190,10,0,60,250,250
904.jpg,247,183,10,0,0,247,183
10948.jpg,355,465,10,0,15,355,480
967.jpg,540,330,10,0,0,540,330
937.jpg,400,345,10,0,0,400,345
972.jpg,188,141,10,0,0,188,141
992.jpg,207,178,10,18,17,225,195
915.jpg,281,234,10,33,42,314,276
903.jpg,150,143,10,43,25,193,168
927.jpg,204,201,10,6,8,210,209
963.jpg,215,188,10,35,0,250,188
914.jpg,208,210,10,45,0,253,210
910.jpg,197,165,10,19,0,216,165
933.jpg,250,188,10,0,0,250,188
934.jpg,200,154,10,0,32,200,186
15773.jpg,291,325,10,306,94,597,419
931.jpg,300,184,10,0,49,300,233
995.jpg,345,292,10,0,53,345,345
14769.jpg,422,392,10,43,83,465,475
11112.jpg,430,349,10,0,0,430,349
950.jpg,210,138,10,0,6,210,144
923.jpg,591,480,10,49,0,640,480
944.jpg,183,153,10,30,12,213,165
925.jpg,210,149,10,0,54,210,203
980.jpg,160,132,10,0,0,160,132
926.jpg,161,154,10,43,9,204,163
14264.jpg,153,148,10,0,4,153,152
10636.jpg,438,343,10,42,0,480,343
16631.jpg,288,295,10,10,46,298,341
984.jpg,357,345,10,163,0,520,345
921.jpg,137,98,10,10,8,147,106
919.jpg,312,237,10,0,26,312,263
930.jpg,240,183,10,0,9,240,192
13784.jpg,421,331,10,55,47,476,378
13791.jpg,310,202,10,30,0,340,202
939.jpg,220,148,10,0,33,220,181
908.jpg,182,166,10,16,0,198,166
911.jpg,160,117,10,0,3,160,120
973.jpg,308,240,10,12,0,320,240
929.jpg,224,167,10,0,49,224,216
922.jpg,139,90,10,12,33,151,123
965.jpg,134,114,10,21,32,155,146
11615.jpg,198,213,10,3,114,201,327
10851.jpg,267,321,10,0,82,267,403
14763.jpg,370,400,10,95,12,465,412
987.jpg,168,142,10,29,16,197,158
981.jpg,160,132,10,0,0,160,132
10869.jpg,351,458,10,7,22,358,480
941.jpg,220,163,10,0,25,220,188
905.jpg,207,162,10,21,12,228,174
946.jpg,200,233,10,0,0,200,233
15833.jpg,338,269,10,20,181,358,450
10870.jpg,360,431,10,0,25,360,456
10899.jpg,360,329,10,0,81,360,410
924.jpg,131,102,10,17,18,148,120
11220.jpg,423,336,10,36,12,459,348
994.jpg,222,199,10,78,18,300,217
943.jpg,225,188,10,0,0,225,188
14768.jpg,414,326,10,66,65,480,391
1019.jpg,230,228,11,0,12,230,240
1014.jpg,244,233,11,2,3,246,236
16731.jpg,400,296,11,17,3,417,299
1036.jpg,350,262,11,0,0,350,262
1010.jpg,327,260,11,4,6,331,266
1069.jpg,500,318,11,0,57,500,375
16795.jpg,313,226,11,45,23,358,249
1034.jpg,244,177,11,6,0,250,177
1061.jpg,187,138,11,5,9,192,147
1007.jpg,220,150,11,0,0,220,150
1043.jpg,450,337,11,0,0,450,337
1098.jpg,540,448,11,38,24,578,472
1022.jpg,169,134,11,0,6,169,140
1001.jpg,212,179,11,19,13,231,192
1040.jpg,225,163,11,16,12,241,175
1052.jpg,450,287,11,0,13,450,300
1065.jpg,352,264,11,0,0,352,264
1058.jpg,162,111,11,15,21,177,132
1029.jpg,325,272,11,0,2,325,274
1018.jpg,307,263,11,19,3,326,266
1038.jpg,197,142,11,3,0,200,142
1048.jpg,350,263,11,0,0,350,263
1085.jpg,320,240,11,0,0,320,240
1000.jpg,225,197,11,11,6,236,203
1062.jpg,240,184,11,11,2,251,186
1030.jpg,180,135,11,0,0,180,135
1066.jpg,228,216,11,0,4,228,220
16774.jpg,518,408,11,50,50,568,458
16751.jpg,398,330,11,3,30,401,360
1041.jpg,286,224,11,0,16,286,240
1037.jpg,400,275,11,0,0,400,275
1057.jpg,594,405,11,18,45,612,450
1003.jpg,200,185,11,0,0,200,185
1002.jpg,164,139,11,14,5,178,144
1028.jpg,300,239,11,0,0,300,239
1063.jpg,512,413,11,68,37,580,450
1017.jpg,262,234,11,0,6,262,240
1020.jpg,244,188,11,6,0,250,188
1053.jpg,274,212,11,0,44,274,256
1056.jpg,276,222,11,3,9,279,231
1005.jpg,230,174,11,0,27,230,201
1011.jpg,94,104,11,0,22,94,126
1082.jpg,234,179,11,21,4,255,183
1032.jpg,182,139,11,12,8,194,147
1076.jpg,336,269,11,9,0,345,269
16752.jpg,417,306,11,1,45,418,351
1012.jpg,168,124,11,2,0,170,124
1006.jpg,262,214,11,28,14,290,228
16746.jpg,481,387,11,60,9,541,396
16735.jpg,301,268,11,78,62,379,330
1078.jpg,200,138,11,0,8,200,146
1059.jpg,166,132,11,14,10,180,142
1070.jpg,207,148,11,9,14,216,162
1009.jpg,340,255,11,0,0,340,255
1095.jpg,314,214,11,6,18,320,232
1097.jpg,273,208,11,12,12,285,220
1060.jpg,301,231,11,0,0,301,231
1086.jpg,264,213,11,16,6,280,219
1087.jpg,320,240,11,0,0,320,240
1064.jpg,387,312,11,9,0,396,312
1092.jpg,207,169,11,13,6,220,175
1004.jpg,199,152,11,16,0,215,152
1083.jpg,242,181,11,17,3,259,184
1072.jpg,200,130,11,0,0,200,130
1033.jpg,182,136,11,13,12,195,148
1044.jpg,240,217,11,0,31,240,248
1055.jpg,189,134,11,4,14,193,148
1016.jpg,220,186,11,0,11,220,197
1035.jpg,250,180,11,0,0,250,180
1025.jpg,263,297,11,0,15,263,312
1080.jpg,220,180,11,0,0,220,180
1094.jpg,422,292,11,13,0,435,292
1067.jpg,188,160,11,0,0,188,160
1045.jpg,185,109,11,15,18,200,127
16744.jpg,636,476,11,1,2,637,478
1008.jpg,200,150,11,0,0,200,150
1047.jpg,175,130,11,18,12,193,142
16786.jpg,505,338,11,1,0,506,338
1015.jpg,300,310,11,0,90,300,400
1024.jpg,172,136,11,0,1,172,137
1091.jpg,640,467,11,0,1,640,468
1077.jpg,208,152,11,35,36,243,188
1096.jpg,360,363,11,0,75,360,438
1088.jpg,800,600,11,0,0,800,600
1031.jpg,202,160,11,41,2,243,162
1023.jpg,300,240,11,20,0,320,240
1075.jpg,600,450,11,0,0,600,450
1027.jpg,243,182,11,0,0,243,182
1071.jpg,170,137,11,0,0,170,137
13020.jpg,195,203,12,15,90,210,293
13028.jpg,283,245,12,55,33,338,278
10968.jpg,444,360,12,36,0,480,360
1116.jpg,484,351,12,90,90,574,441
13226.jpg,197,162,12,165,160,362,322
1130.jpg,233,171,12,0,6,233,177
13018.jpg,153,122,12,110,13,263,135
6970.jpg,262,257,12,1,88,263,345
1175.jpg,258,146,12,32,42,290,188
1100.jpg,257,157,12,13,30,270,187
13006.jpg,341,282,12,30,6,371,288
6918.jpg,474,480,12,0,0,474,480
1155.jpg,95,78,12,33,42,128,120
1163.jpg,439,315,12,0,0,439,315
13004.jpg,355,264,12,20,27,375,291
14511.jpg,302,286,12,260,146,562,432
1129.jpg,190,138,12,10,0,200,138
13026.jpg,240,235,12,0,78,240,313
14614.jpg,291,299,12,140,131,431,430
14724.jpg,153,146,12,104,92,257,238
13986.jpg,596,480,12,0,0,596,480
1128.jpg,223,175,12,15,0,238,175
13030.jpg,407,334,12,16,1,423,335
15928.jpg,300,295,12,300,20,600,315
1103.jpg,228,160,12,12,17,240,177
1106.jpg,311,142,12,0,45,311,187
1198.jpg,209,194,12,140,22,349,216
1168.jpg,570,368,12,8,90,578,458
1174.jpg,308,208,12,0,12,308,220
13011.jpg,310,294,12,0,0,310,294
6904.jpg,195,132,12,20,147,215,279
13010.jpg,368,300,12,8,0,376,300
14557.jpg,325,305,12,135,216,460,521
1159.jpg,91,69,12,50,20,141,89
13029.jpg,231,213,12,0,54,231,267
1109.jpg,179,121,12,7,17,186,138
1189.jpg,298,240,12,16,0,314,240
10969.jpg,267,422,12,0,58,267,480
1118.jpg,467,306,12,81,78,548,384
1166.jpg,98,84,12,34,38,132,122
1125.jpg,230,179,12,17,0,247,179
14700.jpg,323,281,12,233,197,556,478
1165.jpg,200,182,12,0,14,200,196
14718.jpg,186,182,12,0,46,186,228
9158.jpg,240,267,12,84,67,324,334
12992.jpg,342,273,12,55,15,397,288
12996.jpg,757,372,12,31,86,788,458
1132.jpg,171,128,12,0,70,171,198
11066.jpg,314,295,12,70,27,384,322
14507.jpg,324,318,12,236,162,560,480
14622.jpg,236,246,12,160,208,396,454
13005.jpg,341,278,12,41,7,382,285
1160.jpg,243,171,12,7,0,250,171
14610.jpg,435,441,12,3,60,438,501
13016.jpg,290,233,12,91,67,381,300
12998.jpg,228,219,12,36,0,264,219
14608.jpg,334,323,12,96,165,430,488
1134.jpg,196,120,12,4,8,200,128
11127.jpg,348,309,12,64,39,412,348
13034.jpg,265,199,12,79,65,344,264
1136.jpg,247,190,12,59,49,306,239
13027.jpg,293,163,12,77,99,370,262
13021.jpg,177,138,12,265,130,442,268
1145.jpg,279,191,12,0,7,279,198
7011.jpg,337,192,12,69,9,406,201
1148.jpg,192,96,12,9,15,201,111
1115.jpg,487,325,12,69,85,556,410
13000.jpg,368,264,12,12,11,380,275
1178.jpg,240,272,12,0,48,240,320
14509.jpg,276,312,12,26,90,302,402
1169.jpg,420,325,12,93,84,513,409
1140.jpg,181,197,12,46,10,227,207
1162.jpg,139,115,12,66,50,205,165
14649.jpg,544,480,12,44,0,588,480
1195.jpg,229,168,12,0,57,229,225
94.jpg,292,276,12,90,39,382,315
14555.jpg,302,305,12,221,258,523,563
1104.jpg,219,142,12,15,21,234,163
14568.jpg,106,115,12,79,98,185,213
13002.jpg,269,290,12,16,6,285,296
1121.jpg,215,162,12,0,0,215,162
11447.jpg,288,270,12,0,97,288,367
13019.jpg,196,203,12,290,100,486,303
12997.jpg,764,594,12,36,6,800,600
14029.jpg,712,403,12,28,58,740,461
1191.jpg,200,150,12,0,0,200,150
12995.jpg,394,201,12,65,68,459,269
1153.jpg,203,211,12,18,18,221,229
14541.jpg,312,288,12,293,160,605,448
1113.jpg,522,303,12,34,102,556,405
1135.jpg,200,150,12,0,0,200,150
13031.jpg,192,168,12,4,62,196,230
11069.jpg,309,261,12,51,84,360,345
1158.jpg,300,240,12,20,0,320,240
1185.jpg,389,319,12,0,66,389,385
14506.jpg,256,258,12,140,206,396,464
1110.jpg,410,226,12,42,55,452,281
1105.jpg,220,173,12,0,26,220,199
6958.jpg,419,375,12,75,0,494,375
1117.jpg,563,359,12,34,65,597,424
1150.jpg,218,170,12,28,0,246,170
1182.jpg,296,210,12,1,4,297,214
14612.jpg,380,219,12,406,6,786,225
1199.jpg,276,210,12,41,0,317,210
7160.jpg,185,168,12,363,249,548,417
7160.jpg,133,159,12,122,212,255,371
14549.jpg,345,237,12,248,196,593,433
1127.jpg,247,182,12,1,1,248,183
13014.jpg,389,300,12,3,0,392,300
13961.jpg,289,228,12,112,64,401,292
13961.jpg,335,273,12,93,272,428,545
15117.jpg,308,325,12,332,51,640,376
15117.jpg,316,320,12,40,62,356,382
1149.jpg,174,148,12,28,132,202,280
14421.jpg,112,96,12,124,106,236,202
1152.jpg,140,157,12,76,16,216,173
1180.jpg,277,231,12,13,0,290,231
12993.jpg,250,207,12,112,40,362,247
14504.jpg,272,284,12,48,156,320,440
1120.jpg,350,263,12,0,0,350,263
13024.jpg,291,323,12,160,52,451,375
9287.jpg,235,216,12,6,135,241,351
13033.jpg,182,156,12,56,26,238,182
11067.jpg,297,275,12,82,46,379,321
11595.jpg,347,252,12,7,109,354,361
11448.jpg,288,363,12,0,54,288,417
13001.jpg,336,284,12,30,8,366,292
54.jpg,244,307,12,6,102,250,409
1111.jpg,460,351,12,100,78,560,429
1107.jpg,204,140,12,18,25,222,165
1181.jpg,260,221,12,13,0,273,221
7014.jpg,152,217,12,37,41,189,258
1137.jpg,229,190,12,0,60,229,250
13013.jpg,329,299,12,39,1,368,300
1187.jpg,236,209,12,0,76,236,285
14415.jpg,136,121,12,20,79,156,200
1161.jpg,384,314,12,98,56,482,370
1141.jpg,237,102,12,0,63,237,165
14423.jpg,125,133,12,49,74,174,207
13025.jpg,282,231,12,58,45,340,276
1167.jpg,274,224,12,0,86,274,310
1124.jpg,250,188,12,0,0,250,188
1151.jpg,210,172,12,40,0,250,172
14627.jpg,320,268,12,256,146,576,414
11456.jpg,427,347,12,0,1,427,348
12999.jpg,328,292,12,47,5,375,297
13023.jpg,358,210,12,3,208,361,418
1190.jpg,240,206,12,15,4,255,210
13009.jpg,340,292,12,44,5,384,297
1114.jpg,218,208,12,28,4,246,212
1119.jpg,374,233,12,18,25,392,258
1164.jpg,314,215,12,0,66,314,281
13017.jpg,432,315,12,0,0,432,315
1144.jpg,398,247,12,82,72,480,319
13008.jpg,331,250,12,32,47,363,297
14617.jpg,272,225,12,181,106,453,331
6955.jpg,191,97,12,309,159,500,256
6955.jpg,283,205,12,158,170,441,375
13994.jpg,240,245,12,232,252,472,497
13994.jpg,218,252,12,76,356,294,608
14727.jpg,170,161,12,92,79,262,240
14604.jpg,437,354,12,33,246,470,600
13007.jpg,384,296,12,8,1,392,297
1133.jpg,137,121,12,24,20,161,141
1131.jpg,232,215,12,126,46,358,261
1154.jpg,217,156,12,13,52,230,208
1176.jpg,327,297,12,165,80,492,377
1147.jpg,234,218,12,7,42,241,260
13012.jpg,361,295,12,18,5,379,300
1101.jpg,468,367,12,92,45,560,412
1170.jpg,316,250,12,181,138,497,388
9290.jpg,334,284,12,72,46,406,330
1143.jpg,190,190,12,27,97,217,287
95.jpg,288,294,12,72,33,360,327
1156.jpg,400,291,12,0,5,400,296
13679.jpg,635,492,12,106,23,741,515
6952.jpg,348,291,12,7,9,355,300
14620.jpg,234,274,12,54,142,288,416
1193.jpg,184,166,12,6,22,190,188
1210.jpg,170,116,13,15,14,185,130
1245.jpg,240,138,13,0,6,240,144
16429.jpg,286,324,13,340,68,626,392
1225.jpg,294,240,13,18,0,312,240
1264.jpg,200,121,13,0,10,200,131
10935.jpg,360,372,13,0,108,360,480
1299.jpg,457,356,13,29,19,486,375
1201.jpg,389,242,13,34,89,423,331
1276.jpg,320,240,13,0,0,320,240
1259.jpg,292,208,13,18,24,310,232
1275.jpg,192,274,13,0,0,192,274
1244.jpg,147,110,13,29,10,176,120
14614.jpg,235,202,13,18,283,253,485
1295.jpg,300,160,13,0,0,300,160
1212.jpg,226,195,13,20,37,246,232
1222.jpg,202,224,13,0,6,202,230
1256.jpg,336,362,13,0,0,336,362
1296.jpg,365,256,13,19,25,384,281
1223.jpg,163,156,13,27,0,190,156
1208.jpg,319,200,13,20,100,339,300
10761.jpg,358,415,13,0,63,358,478
1217.jpg,216,174,13,62,8,278,182
14296.jpg,364,378,13,221,0,585,378
1285.jpg,270,165,13,0,38,270,203
1289.jpg,346,230,13,0,0,346,230
1281.jpg,294,179,13,26,81,320,260
1224.jpg,280,222,13,16,18,296,240
14845.jpg,263,651,13,39,73,302,724
1209.jpg,155,88,13,29,31,184,119
16441.jpg,322,178,13,154,97,476,275
16441.jpg,323,220,13,18,229,341,449
10700.jpg,360,420,13,0,36,360,456
1254.jpg,430,190,13,0,60,430,250
1257.jpg,308,230,13,2,4,310,234
1252.jpg,415,322,13,176,184,591,506
14278.jpg,195,228,13,195,164,390,392
1249.jpg,243,158,13,0,133,243,291
1246.jpg,153,135,13,7,0,160,135
1205.jpg,142,94,13,0,15,142,109
1278.jpg,279,208,13,0,5,279,213
10920.jpg,359,433,13,1,27,360,460
1211.jpg,310,248,13,81,47,391,295
1251.jpg,388,268,13,13,14,401,282
1265.jpg,232,216,13,44,10,276,226
13812.jpg,189,90,13,5,92,194,182
1202.jpg,178,112,13,59,46,237,158
1238.jpg,320,142,13,0,42,320,184
1240.jpg,327,185,13,0,26,327,211
1297.jpg,306,247,13,17,30,323,277
1231.jpg,646,524,13,94,22,740,546
1228.jpg,626,434,13,163,142,789,576
1241.jpg,200,150,13,0,0,200,150
1229.jpg,524,482,13,276,52,800,534
1233.jpg,530,429,13,240,75,770,504
1258.jpg,266,166,13,16,36,282,202
1268.jpg,363,249,13,52,31,415,280
1287.jpg,240,148,13,0,9,240,157
1226.jpg,640,467,13,0,13,640,480
1215.jpg,160,88,13,14,21,174,109
1291.jpg,461,401,13,0,43,461,444
1255.jpg,357,208,13,106,112,463,320
1218.jpg,156,175,13,36,11,192,186
1207.jpg,190,88,13,4,26,194,114
1216.jpg,246,200,13,39,0,285,200
1269.jpg,175,171,13,41,6,216,177
1293.jpg,314,162,13,6,30,320,192
1273.jpg,162,128,13,21,18,183,146
1279.jpg,355,154,13,0,0,355,154
10922.jpg,360,480,13,0,0,360,480
1248.jpg,584,476,13,98,16,682,492
1236.jpg,502,575,13,182,10,684,585
9347.jpg,186,102,13,138,193,324,295
1288.jpg,198,269,13,0,0,198,269
9174.jpg,273,388,13,9,72,282,460
1260.jpg,313,156,13,126,123,439,279
1203.jpg,264,214,13,16,26,280,240
1200.jpg,389,300,13,67,137,456,437
1271.jpg,228,204,13,12,52,240,256
1204.jpg,418,265,13,0,71,418,336
1237.jpg,259,135,13,32,78,291,213
1263.jpg,320,190,13,0,8,320,198
10705.jpg,360,417,13,0,63,360,480
1230.jpg,306,532,13,276,64,582,596
1253.jpg,519,474,13,144,68,663,542
1284.jpg,320,253,13,0,0,320,253
1221.jpg,196,168,13,46,72,242,240
10936.jpg,360,479,13,0,1,360,480
1280.jpg,207,193,13,0,44,207,237
1234.jpg,120,52,13,0,24,120,76
1270.jpg,737,428,13,40,48,777,476
1213.jpg,320,200,13,0,20,320,220
1250.jpg,363,298,13,16,8,379,306
16030.jpg,324,138,13,164,192,488,330
1262.jpg,379,184,13,84,113,463,297
1227.jpg,631,587,13,72,0,703,587
1220.jpg,320,196,13,0,24,320,220
1313.jpg,269,202,14,0,0,269,202
1356.jpg,283,177,14,7,7,290,184
1304.jpg,261,144,14,19,90,280,234
1344.jpg,237,116,14,0,98,237,214
1366.jpg,196,127,14,25,61,221,188
1388.jpg,320,196,14,0,10,320,206
1391.jpg,176,144,14,0,0,176,144
1335.jpg,130,152,14,29,0,159,152
1323.jpg,367,285,14,40,24,407,309
1389.jpg,317,266,14,28,8,345,274
1365.jpg,116,112,14,98,80,214,192
1310.jpg,504,374,14,96,272,600,646
1397.jpg,228,136,14,2,56,230,192
1324.jpg,236,167,14,55,7,291,174
1302.jpg,136,167,14,108,43,244,210
1380.jpg,244,208,14,30,0,274,208
1321.jpg,338,288,14,68,29,406,317
1370.jpg,199,288,14,39,33,238,321
1311.jpg,458,328,14,92,69,550,397
1318.jpg,300,225,14,0,0,300,225
1315.jpg,282,131,14,7,5,289,136
13703.jpg,210,188,14,42,171,252,359
1382.jpg,195,129,14,35,85,230,214
1354.jpg,121,104,14,25,4,146,108
1327.jpg,241,226,14,56,39,297,265
1364.jpg,75,90,14,79,73,154,163
1364.jpg,78,87,14,150,72,228,159
1364.jpg,83,85,14,1,69,84,154
1364.jpg,60,67,14,27,9,87,76
1364.jpg,59,65,14,85,19,144,84
1364.jpg,57,69,14,144,12,201,81
1342.jpg,237,163,14,40,21,277,184
1346.jpg,278,179,14,0,59,278,238
1399.jpg,380,198,14,67,192,447,390
1350.jpg,200,150,14,0,0,200,150
1352.jpg,134,111,14,0,39,134,150
1398.jpg,100,135,14,49,65,149,200
1333.jpg,188,152,14,10,98,198,250
1355.jpg,145,129,14,11,8,156,137
1307.jpg,551,452,14,110,54,661,506
1374.jpg,141,163,14,141,49,282,212
13962.jpg,59,74,14,68,114,127,188
13962.jpg,62,71,14,122,132,184,203
16766.jpg,540,323,14,64,69,604,392
1357.jpg,188,202,14,0,10,188,212
1358.jpg,262,176,14,19,24,281,200
1359.jpg,300,225,14,0,0,300,225
1314.jpg,461,346,14,0,0,461,346
1336.jpg,216,198,14,25,10,241,208
1385.jpg,182,131,14,28,39,210,170
1331.jpg,201,192,14,32,0,233,192
1308.jpg,177,146,14,7,26,184,172
10918.jpg,360,296,14,0,136,360,432
1384.jpg,220,174,14,30,13,250,187
1368.jpg,272,288,14,64,84,336,372
1339.jpg,232,255,14,22,28,254,283
1363.jpg,160,120,14,0,0,160,120
1360.jpg,134,122,14,2,90,136,212
1332.jpg,189,171,14,14,21,203,192
1332.jpg,275,189,14,38,144,313,333
1316.jpg,150,150,14,0,0,150,150
1300.jpg,239,144,14,6,11,245,155
1326.jpg,46,72,14,24,78,70,150
1326.jpg,58,78,14,79,68,137,146
1326.jpg,76,75,14,140,72,216,147
1326.jpg,49,54,14,37,12,86,66
1326.jpg,57,57,14,91,0,148,57
1326.jpg,59,62,14,153,12,212,74
1319.jpg,150,150,14,0,0,150,150
1306.jpg,304,215,14,108,95,412,310
13759.jpg,230,270,14,410,184,640,454
13759.jpg,182,86,14,458,112,640,198
1305.jpg,361,235,14,39,96,400,331
1377.jpg,158,188,14,142,14,300,202
1329.jpg,450,257,14,0,26,450,283
16274.jpg,571,225,14,22,197,593,422
1375.jpg,232,173,14,40,0,272,173
1395.jpg,180,240,14,0,0,180,240
1301.jpg,495,310,14,19,38,514,348
1394.jpg,254,140,14,13,184,267,324
1347.jpg,400,260,14,0,27,400,287
1322.jpg,158,144,14,58,12,216,156
1343.jpg,481,256,14,60,72,541,328
1334.jpg,183,173,14,11,129,194,302
1383.jpg,250,133,14,0,12,250,145
1373.jpg,487,525,14,0,184,487,709
1362.jpg,160,120,14,0,0,160,120
1379.jpg,256,208,14,124,32,380,240
1328.jpg,230,149,14,18,18,248,167
1330.jpg,212,192,14,36,0,248,192
1351.jpg,304,240,14,16,0,320,240
1369.jpg,231,168,14,59,25,290,193
1309.jpg,401,337,14,93,16,494,353
1337.jpg,252,158,14,27,49,279,207
1340.jpg,206,242,14,7,55,213,297
1361.jpg,153,112,14,122,91,275,203
1317.jpg,219,179,14,0,0,219,179
1303.jpg,288,314,14,0,22,288,336
1472.jpg,320,220,15,0,0,320,220
1458.jpg,300,400,15,0,0,300,400
1463.jpg,182,160,15,49,97,231,257
1400.jpg,200,217,15,0,0,200,217
1415.jpg,567,480,15,25,0,592,480
1406.jpg,354,282,15,87,0,441,282
1444.jpg,230,238,15,44,0,274,238
1462.jpg,471,447,15,67,0,538,447
1402.jpg,800,600,15,0,0,800,600
1483.jpg,270,414,15,49,16,319,430
1408.jpg,500,279,15,0,54,500,333
1430.jpg,400,258,15,50,79,450,337
1403.jpg,800,504,15,0,70,800,574
1409.jpg,640,402,15,0,28,640,430
1465.jpg,335,432,15,21,31,356,463
1448.jpg,600,328,15,20,42,620,370
1495.jpg,214,286,15,0,10,214,296
1401.jpg,251,186,15,189,152,440,338
1420.jpg,387,299,15,37,0,424,299
1485.jpg,149,166,15,102,196,251,362
1407.jpg,640,338,15,0,18,640,356
1460.jpg,285,177,15,0,13,285,190
1404.jpg,558,384,15,9,0,567,384
1435.jpg,340,228,15,0,0,340,228
9304.jpg,295,285,15,75,37,370,322
1441.jpg,500,375,15,0,0,500,375
1496.jpg,273,222,15,21,0,294,222
1478.jpg,400,300,15,0,0,400,300
1417.jpg,566,393,15,24,0,590,393
1422.jpg,433,292,15,0,0,433,292
1423.jpg,322,289,15,39,0,361,289
1461.jpg,438,317,15,66,44,504,361
1438.jpg,480,636,15,0,4,480,640
1494.jpg,296,240,15,24,0,320,240
1429.jpg,247,272,15,233,260,480,532
1411.jpg,524,480,15,28,0,552,480
1486.jpg,360,270,15,0,0,360,270
1471.jpg,454,319,15,0,0,454,319
1488.jpg,410,303,15,0,0,410,303
1487.jpg,254,189,15,42,15,296,204
1477.jpg,272,138,15,32,42,304,180
1410.jpg,358,338,15,0,0,358,338
1434.jpg,590,352,15,42,78,632,430
1445.jpg,263,300,15,91,0,354,300
1469.jpg,230,301,15,0,0,230,301
1428.jpg,640,480,15,0,0,640,480
1443.jpg,541,390,15,56,76,597,466
1412.jpg,800,600,15,0,0,800,600
1432.jpg,312,222,15,8,18,320,240
1456.jpg,512,428,15,56,28,568,456
1436.jpg,586,480,15,30,0,616,480
1489.jpg,219,237,15,0,44,219,281
1414.jpg,258,420,15,57,0,315,420
1431.jpg,465,311,15,0,0,465,311
1452.jpg,375,500,15,0,0,375,500
1480.jpg,546,388,15,21,18,567,406
1437.jpg,512,444,15,60,0,572,444
1453.jpg,308,182,15,2,30,310,212
1455.jpg,349,252,15,9,8,358,260
1419.jpg,444,360,15,36,0,480,360
1475.jpg,185,148,15,28,15,213,163
1418.jpg,545,480,15,57,0,602,480
1427.jpg,344,255,15,83,0,427,255
1425.jpg,439,385,15,101,5,540,390
1447.jpg,640,444,15,0,0,640,444
1492.jpg,300,287,15,0,41,300,328
1457.jpg,400,300,15,0,0,400,300
1433.jpg,402,351,15,158,34,560,385
1482.jpg,298,296,15,0,6,298,302
1470.jpg,427,194,15,0,24,427,218
1416.jpg,589,462,15,113,8,702,470
1405.jpg,443,375,15,76,33,519,408
1497.jpg,252,195,15,47,36,299,231
1464.jpg,326,275,15,72,32,398,307
1466.jpg,480,360,15,0,0,480,360
1467.jpg,419,347,15,23,13,442,360
1459.jpg,240,186,15,0,32,240,218
1440.jpg,481,413,15,76,12,557,425
1424.jpg,309,249,15,39,40,348,289
1476.jpg,136,117,15,6,12,142,129
1531.jpg,483,353,16,8,15,491,368
13546.jpg,458,390,16,325,196,783,586
14099.jpg,454,216,16,0,152,454,368
1590.jpg,450,338,16,0,0,450,338
1541.jpg,480,516,16,0,32,480,548
9063.jpg,412,286,16,39,42,451,328
14011.jpg,222,435,16,21,83,243,518
1548.jpg,508,255,16,50,221,558,476
1548.jpg,277,316,16,356,48,633,364
1548.jpg,368,232,16,0,36,368,268
9307.jpg,447,180,16,9,90,456,270
1575.jpg,159,79,16,36,57,195,136
1511.jpg,90,94,16,210,42,300,136
11551.jpg,439,354,16,27,6,466,360
1518.jpg,539,379,16,53,29,592,408
1525.jpg,176,144,16,166,13,342,157
1562.jpg,402,438,16,0,120,402,558
13596.jpg,245,222,16,63,84,308,306
14091.jpg,418,343,16,313,45,731,388
14091.jpg,235,217,16,445,383,680,600
14091.jpg,298,263,16,88,223,386,486
1506.jpg,596,286,16,37,50,633,336
1563.jpg,640,480,16,0,0,640,480
9309.jpg,480,211,16,0,90,480,301
11075.jpg,379,198,16,33,75,412,273
13597.jpg,385,282,16,0,51,385,333
1556.jpg,399,367,16,0,166,399,533
13592.jpg,161,159,16,270,55,431,214
13592.jpg,159,132,16,128,9,287,141
13592.jpg,155,143,16,48,89,203,232
13592.jpg,182,178,16,169,161,351,339
1519.jpg,472,436,16,64,44,536,480
11376.jpg,333,215,16,84,37,417,252
13599.jpg,297,430,16,22,0,319,430
13598.jpg,346,201,16,24,118,370,319
9323.jpg,415,147,16,9,109,424,256
1523.jpg,525,373,16,275,227,800,600
1582.jpg,735,569,16,0,0,735,569
1574.jpg,280,184,16,0,46,280,230
1538.jpg,640,480,16,0,0,640,480
1527.jpg,515,480,16,55,120,570,600
1539.jpg,311,247,16,9,3,320,250
1568.jpg,690,600,16,110,0,800,600
1504.jpg,412,286,16,75,45,487,331
1528.jpg,624,436,16,23,25,647,461
9324.jpg,415,172,16,15,90,430,262
1513.jpg,193,135,16,73,33,266,168
1503.jpg,330,225,16,59,16,389,241
1517.jpg,518,446,16,0,20,518,466
9064.jpg,464,197,16,4,76,468,273
1516.jpg,278,472,16,276,49,554,521
11086.jpg,412,198,16,27,76,439,274
14045.jpg,238,230,16,545,200,783,430
14045.jpg,242,243,16,306,193,548,436
9038.jpg,430,196,16,27,66,457,262
1551.jpg,480,360,16,0,0,480,360
1522.jpg,410,375,16,0,0,410,375
1583.jpg,300,199,16,0,0,300,199
14040.jpg,297,232,16,8,296,305,528
14040.jpg,229,217,16,516,376,745,593
1529.jpg,177,261,16,139,7,316,268
1581.jpg,300,199,16,0,0,300,199
13727.jpg,392,328,16,62,52,454,380
1540.jpg,614,359,16,0,36,614,395
1572.jpg,395,279,16,55,61,450,340
1554.jpg,298,269,16,62,12,360,281
1532.jpg,168,150,16,200,190,368,340
1587.jpg,300,205,16,0,0,300,205
1569.jpg,220,124,16,0,34,220,158
11451.jpg,231,225,16,39,63,270,288
1584.jpg,276,141,16,12,60,288,201
1533.jpg,142,63,16,159,80,301,143
1567.jpg,429,264,16,36,0,465,264
1510.jpg,260,227,16,94,36,354,263
11510.jpg,445,322,16,6,30,451,352
11002.jpg,402,262,16,45,60,447,322
1552.jpg,513,381,16,0,219,513,600
11073.jpg,381,159,16,33,105,414,264
1545.jpg,400,300,16,0,0,400,300
1564.jpg,345,286,16,0,60,345,346
1573.jpg,315,290,16,185,85,500,375
1526.jpg,227,285,16,211,90,438,375
16027.jpg,208,247,16,163,0,371,247
16027.jpg,120,142,16,247,201,367,343
1553.jpg,224,244,16,16,48,240,292
1571.jpg,229,217,16,33,3,262,220
1561.jpg,500,375,16,0,0,500,375
1512.jpg,234,288,16,206,10,440,298
1500.jpg,446,348,16,25,12,471,360
1580.jpg,350,232,16,0,0,350,232
1505.jpg,251,216,16,135,152,386,368
9039.jpg,430,196,16,27,66,457,262
1591.jpg,800,600,16,0,0,800,600
1589.jpg,640,480,16,0,0,640,480
1521.jpg,265,172,16,100,203,365,375
11526.jpg,443,212,16,4,49,447,261
1508.jpg,539,577,16,143,0,682,577
11016.jpg,429,170,16,9,112,438,282
1530.jpg,420,303,16,0,0,420,303
1502.jpg,260,436,16,380,44,640,480
1501.jpg,476,203,16,55,89,531,292
1585.jpg,300,199,16,0,0,300,199
1544.jpg,380,285,16,0,0,380,285
1524.jpg,189,286,16,57,55,246,341
1524.jpg,167,246,16,238,106,405,352
1524.jpg,190,130,16,160,20,350,150
1577.jpg,763,358,16,37,113,800,471
14597.jpg,109,105,16,201,71,310,176
15349.jpg,257,155,16,343,85,600,240
9310.jpg,466,178,16,0,93,466,271
14307.jpg,203,293,16,0,242,203,535
1570.jpg,400,300,16,0,0,400,300
11034.jpg,433,186,16,18,84,451,270
14325.jpg,192,312,16,298,0,490,312
11001.jpg,446,203,16,7,67,453,270
1507.jpg,640,460,16,0,0,640,460
1498.jpg,260,210,16,115,36,375,246
13580.jpg,262,242,16,33,41,295,283
14537.jpg,575,487,16,211,78,786,565
1514.jpg,327,258,16,0,0,327,258
13595.jpg,106,232,16,270,68,376,300
13595.jpg,153,178,16,147,119,300,297
1578.jpg,283,212,16,0,0,283,212
11085.jpg,459,240,16,0,54,459,294
14053.jpg,492,200,16,308,358,800,558
14034.jpg,338,209,16,338,76,676,285
14034.jpg,282,315,16,33,48,315,363
1537.jpg,411,191,16,77,244,488,435
1576.jpg,390,335,16,0,117,390,452
13593.jpg,389,254,16,10,33,399,287
11003.jpg,433,184,16,30,84,463,268
1543.jpg,800,346,16,0,117,800,463
14499.jpg,214,240,17,266,138,480,378
15350.jpg,220,199,17,342,91,562,290
15333.jpg,351,278,17,54,0,405,278
11687.jpg,490,395,17,111,66,601,461
9129.jpg,324,359,17,1,70,325,429
16486.jpg,317,208,17,40,106,357,314
15137.jpg,593,363,17,0,0,593,363
15379.jpg,204,189,17,424,50,628,239
1673.jpg,277,204,17,19,0,296,204
1641.jpg,212,196,17,14,56,226,252
15582.jpg,556,380,17,10,3,566,383
1686.jpg,164,127,17,18,10,182,137
1666.jpg,284,196,17,36,0,320,196
1619.jpg,208,240,17,48,0,256,240
1653.jpg,241,180,17,0,11,241,191
9295.jpg,319,260,17,48,31,367,291
11561.jpg,364,243,17,66,51,430,294
11117.jpg,302,240,17,70,69,372,309
1610.jpg,163,185,17,37,0,200,185
13785.jpg,260,254,17,461,36,721,290
1657.jpg,480,431,17,0,209,480,640
1623.jpg,250,204,17,16,4,266,208
1642.jpg,413,412,17,128,48,541,460
1676.jpg,272,213,17,14,0,286,213
1624.jpg,210,195,17,32,5,242,200
1595.jpg,166,190,17,60,15,226,205
1594.jpg,500,393,17,0,0,500,393
1600.jpg,500,562,17,0,57,500,619
14753.jpg,672,570,17,96,0,768,570
9357.jpg,275,236,17,85,34,360,270
14385.jpg,380,395,17,20,200,400,595
1685.jpg,332,370,17,148,246,480,616
1609.jpg,215,209,17,105,18,320,227
1658.jpg,392,332,17,88,296,480,628
15684.jpg,353,326,17,152,9,505,335
1691.jpg,172,302,17,141,10,313,312
1603.jpg,254,240,17,30,0,284,240
1632.jpg,313,418,17,153,10,466,428
11050.jpg,342,253,17,12,45,354,298
1598.jpg,240,252,17,0,34,240,286
1667.jpg,274,213,17,0,0,274,213
16022.jpg,331,426,17,94,24,425,450
1630.jpg,235,190,17,33,9,268,199
1629.jpg,432,339,17,27,0,459,339
1635.jpg,194,138,17,126,52,320,190
1678.jpg,262,173,17,0,40,262,213
15283.jpg,192,161,17,279,0,471,161
16023.jpg,320,444,17,76,14,396,458
1646.jpg,174,192,17,6,48,180,240
14982.jpg,414,430,17,84,32,498,462
9331.jpg,303,246,17,75,27,378,273
15463.jpg,380,360,17,100,20,480,380
1636.jpg,129,119,17,42,15,171,134
9294.jpg,330,270,17,51,57,381,327
16024.jpg,293,476,17,128,2,421,478
1606.jpg,275,233,17,42,0,317,233
16099.jpg,291,248,17,0,122,291,370
16099.jpg,280,252,17,310,110,590,362
1638.jpg,268,189,17,31,13,299,202
9139.jpg,239,206,17,43,121,282,327
14986.jpg,328,314,17,176,82,504,396
15021.jpg,193,210,17,45,140,238,350
1664.jpg,364,428,17,168,25,532,453
14381.jpg,325,518,17,27,86,352,604
9317.jpg,336,255,17,57,36,393,291
15532.jpg,455,388,17,66,17,521,405
11054.jpg,276,249,17,87,28,363,277
14331.jpg,478,352,17,2,188,480,540
1677.jpg,258,213,17,52,0,310,213
1648.jpg,349,309,17,72,21,421,330
9071.jpg,285,276,17,30,48,315,324
14277.jpg,490,328,17,110,116,600,444
14771.jpg,520,436,17,120,0,640,436
1665.jpg,308,335,17,73,305,381,640
1616.jpg,220,188,17,62,18,282,206
11260.jpg,291,279,17,108,27,399,306
1628.jpg,266,186,17,29,13,295,199
9232.jpg,348,234,17,66,135,414,369
1620.jpg,266,189,17,53,11,319,200
1644.jpg,421,326,17,36,314,457,640
1655.jpg,352,417,17,38,176,390,593
15513.jpg,169,171,17,423,187,592,358
1687.jpg,83,78,17,8,0,91,78
1689.jpg,235,250,17,24,11,259,261
13760.jpg,232,202,17,104,196,336,398
16021.jpg,187,200,17,85,160,272,360
11179.jpg,255,234,17,99,27,354,261
1670.jpg,232,230,17,48,0,280,230
15714.jpg,355,294,17,18,168,373,462
9131.jpg,330,387,17,0,40,330,427
9069.jpg,360,354,17,0,36,360,390
1668.jpg,270,360,17,0,0,270,360
16025.jpg,409,301,17,39,115,448,416
1605.jpg,74,66,17,30,2,104,68
11118.jpg,303,258,17,63,30,366,288
11443.jpg,231,256,17,96,6,327,262
15991.jpg,468,401,17,75,0,543,401
1671.jpg,426,319,17,0,0,426,319
10950.jpg,304,338,17,0,22,304,360
1611.jpg,142,124,17,23,0,165,124
1684.jpg,480,468,17,0,172,480,640
1604.jpg,44,48,17,15,4,59,52
16616.jpg,217,197,17,35,190,252,387
15533.jpg,214,181,17,97,153,311,334
15143.jpg,435,401,17,67,34,502,435
9070.jpg,333,286,17,6,75,339,361
1615.jpg,230,197,17,28,16,258,213
15378.jpg,296,233,17,28,95,324,328
1607.jpg,166,124,17,0,0,166,124
14059.jpg,290,252,17,431,348,721,600
14059.jpg,228,272,17,505,73,733,345
15139.jpg,155,149,17,77,173,232,322
15139.jpg,155,147,17,277,190,432,337
15394.jpg,345,313,17,188,90,533,403
9303.jpg,316,241,17,69,72,385,313
1688.jpg,280,259,17,59,20,339,279
9172.jpg,331,278,17,0,73,331,351
11083.jpg,285,241,17,90,36,375,277
14980.jpg,394,400,17,76,64,470,464
15045.jpg,342,285,17,133,26,475,311
16111.jpg,247,203,17,283,157,530,360
15716.jpg,553,494,17,63,56,616,550
1633.jpg,202,196,17,18,54,220,250
1640.jpg,264,199,17,34,0,298,199
11427.jpg,263,249,17,49,42,312,291
15332.jpg,308,264,17,292,9,600,273
15696.jpg,349,302,17,8,156,357,458
1672.jpg,264,202,17,24,11,288,213
1618.jpg,151,158,17,21,0,172,158
11055.jpg,346,258,17,9,43,355,301
9263.jpg,223,304,17,9,96,232,400
1599.jpg,148,255,17,44,32,192,287
13766.jpg,346,226,17,54,244,400,470
15934.jpg,436,329,17,114,0,550,329
1682.jpg,198,206,17,14,7,212,213
15522.jpg,351,322,17,0,282,351,604
15522.jpg,245,107,17,53,72,298,179
15681.jpg,359,363,17,186,65,545,428
1647.jpg,297,308,17,60,192,357,500
1674.jpg,269,201,17,16,0,285,201
14984.jpg,380,384,17,126,12,506,396
15624.jpg,201,170,17,217,34,418,204
15624.jpg,188,152,17,408,73,596,225
1626.jpg,375,356,17,198,70,573,426
1650.jpg,228,213,17,91,0,319,213
1608.jpg,391,387,17,45,180,436,567
13761.jpg,327,231,17,25,381,352,612
11091.jpg,294,237,17,78,66,372,303
1612.jpg,269,195,17,42,11,311,206
15406.jpg,472,311,17,78,24,550,335
14073.jpg,470,431,17,160,95,630,526
10593.jpg,360,387,17,0,49,360,436
14757.jpg,623,447,17,83,16,706,463
15405.jpg,400,275,17,124,18,524,293
1627.jpg,254,256,17,0,34,254,290
1602.jpg,267,198,17,80,309,347,507
14575.jpg,212,240,17,264,131,476,371
1662.jpg,338,318,17,0,322,338,640
11089.jpg,311,312,17,106,0,417,312
15306.jpg,599,372,17,1,20,600,392
1681.jpg,240,242,17,0,24,240,266
1649.jpg,348,259,17,23,0,371,259
10919.jpg,319,358,17,30,12,349,370
9318.jpg,354,255,17,24,36,378,291
15903.jpg,388,292,17,110,0,498,292
1593.jpg,153,180,17,40,40,193,220
1617.jpg,78,66,17,123,83,201,149
14466.jpg,317,295,17,386,111,703,406
9072.jpg,275,330,17,22,4,297,334
1625.jpg,216,213,17,56,0,272,213
15206.jpg,341,294,17,116,14,457,308
1645.jpg,312,207,17,8,6,320,213
14978.jpg,292,299,17,165,86,457,385
1680.jpg,440,499,17,40,141,480,640
13783.jpg,224,151,17,64,194,288,345
15935.jpg,379,308,17,125,0,504,308
15331.jpg,273,218,17,324,66,597,284
1660.jpg,410,442,17,26,148,436,590
11082.jpg,237,238,17,108,60,345,298
15561.jpg,318,266,17,12,0,330,266
10657.jpg,339,358,17,15,105,354,463
15482.jpg,182,195,17,418,174,600,369
1596.jpg,276,276,17,153,98,429,374
1622.jpg,196,128,17,48,0,244,128
1613.jpg,102,98,17,51,28,153,126
14981.jpg,288,268,17,128,92,416,360
15743.jpg,267,259,17,48,44,315,303
15260.jpg,303,271,17,246,51,549,322
14314.jpg,374,340,17,38,357,412,697
11090.jpg,314,237,17,70,33,384,270
1690.jpg,333,262,17,0,0,333,262
15453.jpg,411,343,18,84,30,495,373
1695.jpg,213,120,18,0,0,213,120
1719.jpg,260,200,18,19,0,279,200
1766.jpg,240,177,18,0,0,240,177
1701.jpg,168,124,18,4,4,172,128
1721.jpg,192,140,18,0,4,192,144
11450.jpg,280,255,18,3,88,283,343
14391.jpg,463,450,18,0,0,463,450
15674.jpg,502,372,18,50,50,552,422
1748.jpg,178,120,18,0,0,178,120
1771.jpg,230,150,18,0,0,230,150
15928.jpg,263,246,18,0,0,263,246
1769.jpg,250,172,18,0,0,250,172
1699.jpg,177,151,18,5,33,182,184
1736.jpg,181,143,18,4,5,185,148
13689.jpg,510,399,18,126,101,636,500
1785.jpg,213,120,18,0,0,213,120
1716.jpg,158,143,18,16,7,174,150
15347.jpg,327,200,18,28,23,355,223
1733.jpg,230,202,18,48,6,278,208
1754.jpg,177,120,18,0,0,177,120
1722.jpg,342,255,18,7,8,349,263
1763.jpg,350,190,18,0,0,350,190
1713.jpg,353,266,18,33,4,386,270
16796.jpg,633,470,18,1,8,634,478
1787.jpg,191,133,18,14,0,205,133
1742.jpg,300,255,18,0,16,300,271
1750.jpg,178,120,18,0,0,178,120
1693.jpg,145,108,18,7,5,152,113
1728.jpg,510,480,18,80,0,590,480
1791.jpg,384,288,18,0,0,384,288
1740.jpg,300,269,18,0,13,300,282
15554.jpg,395,329,18,40,165,435,494
1720.jpg,446,365,18,8,8,454,373
1761.jpg,178,132,18,0,0,178,132
1768.jpg,240,180,18,0,0,240,180
1707.jpg,630,477,18,10,0,640,477
1779.jpg,209,153,18,3,6,212,159
1715.jpg,483,339,18,15,13,498,352
13984.jpg,168,173,18,22,105,190,278
1723.jpg,350,210,18,0,53,350,263
13829.jpg,197,188,18,123,28,320,216
1718.jpg,151,116,18,5,1,156,117
1778.jpg,288,225,18,0,0,288,225
1774.jpg,114,95,18,21,9,135,104
1772.jpg,137,90,18,12,9,149,99
14996.jpg,539,472,18,85,1,624,473
1786.jpg,479,379,18,0,0,479,379
1735.jpg,173,130,18,2,1,175,131
14351.jpg,443,344,18,0,41,443,385
1781.jpg,208,149,18,0,7,208,156
1734.jpg,200,172,18,0,0,200,172
16079.jpg,450,399,18,85,27,535,426
1788.jpg,205,131,18,0,0,205,131
1747.jpg,178,120,18,0,0,178,120
1694.jpg,663,532,18,69,31,732,563
14349.jpg,378,238,18,0,64,378,302
1705.jpg,187,146,18,0,0,187,146
1739.jpg,214,125,18,38,18,252,143
1717.jpg,350,263,18,0,0,350,263
14038.jpg,528,542,18,33,151,561,693
16794.jpg,479,476,18,29,42,508,518
1764.jpg,196,147,18,0,0,196,147
9092.jpg,427,301,18,33,15,460,316
15890.jpg,567,450,18,0,0,567,450
1790.jpg,256,192,18,0,0,256,192
1709.jpg,435,360,18,25,0,460,360
1755.jpg,178,120,18,0,0,178,120
1746.jpg,178,120,18,0,0,178,120
1756.jpg,178,120,18,0,0,178,120
1759.jpg,231,171,18,3,3,234,174
1729.jpg,194,182,18,70,38,264,220
1737.jpg,640,480,18,0,0,640,480
14848.jpg,490,472,18,90,0,580,472
16374.jpg,530,469,18,48,4,578,473
1700.jpg,165,123,18,6,5,171,128
1502.jpg,293,424,18,16,56,309,480
14841.jpg,396,386,18,128,30,524,416
1696.jpg,228,180,18,92,60,320,240
1726.jpg,309,187,18,0,45,309,232
1703.jpg,350,250,18,0,0,350,250
14847.jpg,500,472,18,68,8,568,480
1730.jpg,190,120,18,0,11,190,131
1782.jpg,290,240,18,38,0,328,240
1697.jpg,203,115,18,0,5,203,120
1780.jpg,219,270,18,0,12,219,282
16734.jpg,576,368,18,32,20,608,388
1731.jpg,568,436,18,56,18,624,454
1789.jpg,269,225,18,7,0,276,225
15035.jpg,434,431,18,108,0,542,431
1773.jpg,210,127,18,0,0,210,127
1725.jpg,350,219,18,0,27,350,246
1708.jpg,237,237,18,0,10,237,247
16376.jpg,468,456,18,98,22,566,478
1710.jpg,270,186,18,15,13,285,199
15913.jpg,497,375,18,68,49,565,424
1751.jpg,178,120,18,0,0,178,120
1783.jpg,342,251,18,0,0,342,251
1732.jpg,267,219,18,59,45,326,264
1727.jpg,592,480,18,28,0,620,480
16789.jpg,454,302,18,59,58,513,360
16727.jpg,395,282,18,4,7,399,289
15761.jpg,573,447,18,27,3,600,450
1692.jpg,380,274,18,17,12,397,286
1743.jpg,800,639,18,0,0,800,639
1698.jpg,294,217,18,6,7,300,224
1767.jpg,280,158,18,0,21,280,179
10840.jpg,408,360,19,39,0,447,360
14721.jpg,165,142,19,131,60,296,202
14067.jpg,472,677,19,66,60,538,737
1880.jpg,218,209,19,51,4,269,213
1885.jpg,450,279,19,70,117,520,396
1838.jpg,230,240,19,52,0,282,240
15262.jpg,602,443,19,10,17,612,460
1884.jpg,395,291,19,85,99,480,390
11008.jpg,383,264,19,43,51,426,315
1863.jpg,205,141,19,0,0,205,141
1847.jpg,226,156,19,44,48,270,204
14414.jpg,320,403,19,0,0,320,403
1873.jpg,640,452,19,0,28,640,480
1800.jpg,240,78,19,0,54,240,132
14450.jpg,439,422,19,361,41,800,463
1887.jpg,209,171,19,9,8,218,179
14047.jpg,311,399,19,110,6,421,405
1820.jpg,242,209,19,6,12,248,221
1862.jpg,203,143,19,7,3,210,146
1854.jpg,262,225,19,138,72,400,297
1827.jpg,521,262,19,20,24,541,286
1872.jpg,599,279,19,39,68,638,347
14637.jpg,284,400,19,200,0,484,400
14442.jpg,358,521,19,53,45,411,566
1836.jpg,121,82,19,10,7,131,89
1828.jpg,533,245,19,15,39,548,284
13611.jpg,785,600,19,0,0,785,600
1843.jpg,182,186,19,0,0,182,186
1837.jpg,142,157,19,35,0,177,157
13622.jpg,569,384,19,4,36,573,420
1877.jpg,267,225,19,38,24,305,249
1839.jpg,261,269,19,55,0,316,269
14037.jpg,340,318,19,445,268,785,586
1798.jpg,146,76,19,14,29,160,105
14049.jpg,571,360,19,50,126,621,486
1845.jpg,162,105,19,23,10,185,115
1852.jpg,158,296,19,14,0,172,296
1823.jpg,514,219,19,21,58,535,277
1888.jpg,478,219,19,0,0,478,219
1846.jpg,400,375,19,100,0,500,375
14019.jpg,341,240,19,30,36,371,276
1831.jpg,124,87,19,14,14,138,101
1875.jpg,320,228,19,0,0,320,228
14468.jpg,490,532,19,233,51,723,583
13718.jpg,438,208,19,40,152,478,360
1851.jpg,190,146,19,17,17,207,163
1859.jpg,288,167,19,37,49,325,216
1886.jpg,216,152,19,0,0,216,152
14014.jpg,285,412,19,76,78,361,490
14475.jpg,515,613,19,37,113,552,726
1804.jpg,180,124,19,9,13,189,137
1883.jpg,453,249,19,75,129,528,378
14478.jpg,538,388,19,260,205,798,593
14452.jpg,369,462,19,396,58,765,520
1848.jpg,196,215,19,95,4,291,219
14464.jpg,771,468,19,0,68,771,536
1814.jpg,391,429,19,0,200,391,629
1891.jpg,67,38,19,5,24,72,62
9264.jpg,390,274,19,27,27,417,301
1819.jpg,394,546,19,0,0,394,546
1797.jpg,292,220,19,23,20,315,240
1864.jpg,394,459,19,0,15,394,474
1879.jpg,282,216,19,0,36,282,252
1829.jpg,364,383,19,148,26,512,409
1871.jpg,320,400,19,0,0,320,400
1803.jpg,675,507,19,100,60,775,567
1874.jpg,160,120,19,0,0,160,120
14024.jpg,347,460,19,423,16,770,476
14654.jpg,540,220,19,88,260,628,480
13710.jpg,460,190,19,68,224,528,414
1801.jpg,240,170,19,38,52,278,222
13970.jpg,376,368,19,8,24,384,392
13970.jpg,399,378,19,61,234,460,612
14660.jpg,230,358,19,408,34,638,392
1858.jpg,257,203,19,0,0,257,203
1853.jpg,416,262,19,0,50,416,312
1792.jpg,160,212,19,56,0,216,212
14028.jpg,355,425,19,21,168,376,593
15496.jpg,411,360,19,75,0,486,360
1807.jpg,142,111,19,30,8,172,119
1802.jpg,514,318,19,0,0,514,318
1855.jpg,391,445,19,0,85,391,530
14088.jpg,422,577,19,148,11,570,588
9325.jpg,378,344,19,24,7,402,351
1813.jpg,152,104,19,0,0,152,104
1865.jpg,327,266,19,40,8,367,274
1842.jpg,147,97,19,31,19,178,116
1844.jpg,256,164,19,0,16,256,180
14020.jpg,466,220,19,285,256,751,476
14455.jpg,460,528,19,340,50,800,578
14479.jpg,386,507,19,410,13,796,520
14444.jpg,232,438,19,138,65,370,503
14618.jpg,410,288,19,38,92,448,380
14440.jpg,430,540,19,370,0,800,540
1808.jpg,115,120,19,0,0,115,120
1841.jpg,177,126,19,12,12,189,138
14343.jpg,788,477,19,8,53,796,530
14735.jpg,320,206,19,0,32,320,238
1816.jpg,205,140,19,23,88,228,228
13707.jpg,468,302,19,172,170,640,472
14502.jpg,462,344,19,16,68,478,412
1794.jpg,320,232,19,0,39,320,271
15255.jpg,654,432,19,106,31,760,463
1889.jpg,250,189,19,0,166,250,355
14066.jpg,435,245,19,111,346,546,591
1867.jpg,390,561,19,0,0,390,561
1793.jpg,160,106,19,0,14,160,120
1818.jpg,250,174,19,0,43,250,217
1850.jpg,377,355,19,10,91,387,446
1856.jpg,400,300,19,0,0,400,300
1805.jpg,252,180,19,6,34,258,214
1826.jpg,531,233,19,15,52,546,285
1796.jpg,136,121,19,43,17,179,138
1866.jpg,200,106,19,0,14,200,120
1809.jpg,359,257,19,13,0,372,257
14693.jpg,447,600,19,23,40,470,640
14635.jpg,396,292,19,0,88,396,380
14306.jpg,263,406,19,68,0,331,406
14053.jpg,298,343,19,128,40,426,383
1869.jpg,266,146,19,54,56,320,202
14034.jpg,422,354,19,368,236,790,590
1857.jpg,326,245,19,52,64,378,309
1882.jpg,400,300,19,0,0,400,300
1815.jpg,123,83,19,36,41,159,124
1537.jpg,237,283,19,158,1,395,284
1860.jpg,199,200,19,0,0,199,200
1833.jpg,170,207,19,72,76,242,283
14075.jpg,389,700,19,103,37,492,737
14564.jpg,235,170,19,55,64,290,234
1806.jpg,460,283,19,10,47,470,330
14101.jpg,406,310,19,0,118,406,428
1924.jpg,468,426,20,134,28,602,454
15725.jpg,428,384,20,92,21,520,405
1967.jpg,190,181,20,0,82,190,263
1981.jpg,264,245,20,74,37,338,282
1898.jpg,540,394,20,60,34,600,428
1958.jpg,312,228,20,42,45,354,273
14008.jpg,89,102,20,231,72,320,174
14008.jpg,100,151,20,112,36,212,187
14008.jpg,99,113,20,0,74,99,187
1987.jpg,742,533,20,58,0,800,533
1911.jpg,493,448,20,138,92,631,540
1954.jpg,800,600,20,0,0,800,600
1918.jpg,486,472,20,82,8,568,480
1915.jpg,299,283,20,67,23,366,306
3476.jpg,437,453,20,363,143,800,596
1957.jpg,347,257,20,42,53,389,310
13987.jpg,464,540,20,0,36,464,576
1930.jpg,363,290,20,28,10,391,300
1917.jpg,289,268,20,51,15,340,283
1899.jpg,360,339,20,0,21,360,360
1990.jpg,406,332,20,110,64,516,396
14039.jpg,235,225,20,543,315,778,540
11199.jpg,389,319,20,40,6,429,325
13769.jpg,272,242,20,344,106,616,348
11419.jpg,456,356,20,19,4,475,360
1937.jpg,370,354,20,20,42,390,396
1960.jpg,628,577,20,109,23,737,600
1984.jpg,362,224,20,0,52,362,276
1906.jpg,264,225,20,24,0,288,225
1909.jpg,800,558,20,0,42,800,600
15529.jpg,433,396,20,88,30,521,426
1907.jpg,500,375,20,0,0,500,375
1977.jpg,335,289,20,106,91,441,380
1910.jpg,339,253,20,73,67,412,320
1923.jpg,368,427,20,272,22,640,449
1985.jpg,640,480,20,0,0,640,480
15611.jpg,508,444,20,42,1,550,445
1936.jpg,506,369,20,32,30,538,399
1897.jpg,445,404,20,81,51,526,455
1966.jpg,480,432,20,92,16,572,448
1989.jpg,326,259,20,41,11,367,270
1895.jpg,586,476,20,24,4,610,480
1902.jpg,650,441,20,102,0,752,441
1901.jpg,532,476,20,56,4,588,480
15433.jpg,338,337,20,107,68,445,405
16250.jpg,260,227,20,332,88,592,315
14671.jpg,262,189,20,448,41,710,230
1953.jpg,640,480,20,0,0,640,480
16699.jpg,305,294,20,1,86,306,380
13742.jpg,320,320,20,0,66,320,386
1947.jpg,404,332,20,35,0,439,332
15728.jpg,473,434,20,43,8,516,442
1956.jpg,420,392,20,152,82,572,474
1914.jpg,293,245,20,89,17,382,262
1973.jpg,186,162,20,271,12,457,174
1980.jpg,500,375,20,0,0,500,375
15699.jpg,464,434,20,58,11,522,445
1941.jpg,599,526,20,88,20,687,546
1961.jpg,640,480,20,0,0,640,480
1904.jpg,375,374,20,125,0,500,374
14752.jpg,375,349,20,343,161,718,510
15952.jpg,255,241,20,345,88,600,329
1912.jpg,488,418,20,143,156,631,574
1970.jpg,396,396,20,0,84,396,480
14653.jpg,624,474,20,0,0,624,474
14880.jpg,368,396,20,0,48,368,444
14090.jpg,470,390,20,145,113,615,503
1933.jpg,480,354,20,0,6,480,360
15442.jpg,224,182,20,392,56,616,238
1962.jpg,348,316,20,136,44,484,360
15773.jpg,307,298,20,0,22,307,320
1952.jpg,669,509,20,75,60,744,569
1892.jpg,640,515,20,0,0,640,515
1929.jpg,282,200,20,195,37,477,237
15070.jpg,470,318,20,82,41,552,359
1913.jpg,471,483,20,160,72,631,555
1919.jpg,320,246,20,0,32,320,278
1939.jpg,560,438,20,44,28,604,466
1963.jpg,304,248,20,63,47,367,295
1925.jpg,620,480,20,0,0,620,480
16631.jpg,255,236,20,340,86,595,322
13749.jpg,184,90,20,40,16,224,106
1975.jpg,352,341,20,252,73,604,414
1946.jpg,370,266,20,38,18,408,284
15720.jpg,308,289,20,0,98,308,387
15911.jpg,282,221,20,16,111,298,332
11257.jpg,440,359,20,19,1,459,360
13791.jpg,261,126,20,425,101,686,227
1900.jpg,532,350,20,60,0,592,350
15702.jpg,308,338,20,278,32,586,370
15757.jpg,298,250,20,37,57,335,307
1968.jpg,246,190,20,38,20,284,210
1928.jpg,485,434,20,124,20,609,454
1982.jpg,600,443,20,0,7,600,450
11615.jpg,150,141,20,255,39,405,180
1983.jpg,588,492,20,24,0,612,492
1916.jpg,472,380,20,80,56,552,436
1893.jpg,475,356,20,0,0,475,356
1908.jpg,480,375,20,20,0,500,375
1974.jpg,411,312,20,42,27,453,339
15784.jpg,616,410,20,10,60,626,470
14476.jpg,528,480,20,72,320,600,800
1926.jpg,315,245,20,74,24,389,269
15772.jpg,336,394,20,0,46,336,440
1972.jpg,604,397,20,36,10,640,407
14004.jpg,558,426,20,30,36,588,462
1903.jpg,564,356,20,0,67,564,423
1896.jpg,420,315,20,0,0,420,315
1922.jpg,408,382,20,20,122,428,504
1938.jpg,301,272,20,110,37,411,309
1949.jpg,344,275,20,36,25,380,300
15967.jpg,284,295,20,48,108,332,403
1948.jpg,342,279,20,138,81,480,360
1955.jpg,405,312,20,233,100,638,412
1979.jpg,500,375,20,0,0,500,375
15619.jpg,290,261,20,285,12,575,273
15131.jpg,567,592,20,156,6,723,598
1965.jpg,682,600,20,106,0,788,600
1986.jpg,165,169,20,22,107,187,276
16018.jpg,329,295,20,36,39,365,334
1969.jpg,349,281,20,142,18,491,299
16154.jpg,341,305,20,11,28,352,333
14470.jpg,252,269,20,385,49,637,318
2084.jpg,387,244,21,54,189,441,433
2067.jpg,501,446,21,73,0,574,446
2074.jpg,252,260,21,369,88,621,348
2009.jpg,428,331,21,19,27,447,358
2063.jpg,667,556,21,77,0,744,556
2011.jpg,378,352,21,148,60,526,412
2050.jpg,459,297,21,26,51,485,348
2016.jpg,390,371,21,37,9,427,380
1995.jpg,361,324,21,428,271,789,595
2014.jpg,352,297,21,40,25,392,322
2073.jpg,420,374,21,122,84,542,458
2034.jpg,275,254,21,63,24,338,278
2059.jpg,342,316,21,0,14,342,330
15701.jpg,407,393,21,141,30,548,423
2088.jpg,627,512,21,15,0,642,512
2056.jpg,356,338,21,137,62,493,400
2069.jpg,419,373,21,0,133,419,506
2031.jpg,292,320,21,188,49,480,369
1998.jpg,237,173,21,242,21,479,194
2051.jpg,449,402,21,136,48,585,450
2070.jpg,228,252,21,181,0,409,252
2007.jpg,357,249,21,5,24,362,273
2024.jpg,479,578,21,1,22,480,600
2006.jpg,681,476,21,67,103,748,579
2087.jpg,573,480,21,36,0,609,480
2046.jpg,370,411,21,93,0,463,411
2017.jpg,426,384,21,59,39,485,423
27.jpg,351,330,21,0,10,351,340
2003.jpg,408,316,21,228,13,636,329
2072.jpg,196,176,21,202,107,398,283
14807.jpg,628,450,21,30,0,658,450
2048.jpg,503,450,21,211,0,714,450
2058.jpg,417,297,21,3,20,420,317
2030.jpg,228,180,21,44,42,272,222
1992.jpg,210,207,21,250,51,460,258
2020.jpg,236,220,21,72,58,308,278
2045.jpg,253,281,21,472,197,725,478
13673.jpg,196,210,21,348,44,544,254
2091.jpg,315,199,21,67,106,382,305
15608.jpg,477,451,21,0,0,477,451
2032.jpg,402,473,21,108,0,510,473
2047.jpg,516,438,21,142,38,658,476
2039.jpg,512,352,21,62,92,574,444
2075.jpg,458,272,21,260,127,718,399
2042.jpg,643,479,21,83,71,726,550
2021.jpg,558,426,21,60,16,618,442
2062.jpg,275,218,21,80,45,355,263
2086.jpg,714,421,21,12,76,726,497
1996.jpg,457,393,21,168,78,625,471
2028.jpg,406,375,21,62,0,468,375
1993.jpg,355,309,21,65,28,420,337
2079.jpg,430,285,21,35,24,465,309
2019.jpg,296,357,21,0,21,296,378
2053.jpg,625,487,21,91,63,716,550
2064.jpg,332,231,21,50,44,382,275
2023.jpg,604,415,21,36,53,640,468
2027.jpg,327,309,21,37,16,364,325
15194.jpg,349,335,21,129,18,478,353
2005.jpg,421,307,21,27,1,448,308
2002.jpg,440,420,21,108,28,548,448
1997.jpg,376,280,21,66,50,442,330
2052.jpg,379,250,21,0,93,379,343
2012.jpg,576,430,21,28,38,604,468
2085.jpg,197,155,21,109,0,306,155
2040.jpg,336,204,21,265,130,601,334
2065.jpg,342,265,21,28,33,370,298
2078.jpg,464,476,21,78,0,542,476
1999.jpg,486,386,21,18,95,504,481
2004.jpg,400,304,21,7,21,407,325
2089.jpg,504,489,21,130,41,634,530
2081.jpg,414,294,21,31,56,445,350
2057.jpg,325,178,21,96,87,421,265
2043.jpg,492,352,21,64,108,556,460
2049.jpg,373,358,21,212,0,585,358
2035.jpg,500,375,21,0,0,500,375
2010.jpg,417,366,21,48,1,465,367
2022.jpg,608,480,21,20,0,628,480
2044.jpg,586,335,21,0,48,586,383
2001.jpg,481,298,21,96,130,577,428
2025.jpg,479,559,21,1,62,480,621
2018.jpg,410,304,21,16,96,426,400
2054.jpg,394,266,21,66,24,460,290
1994.jpg,368,302,21,67,58,435,360
2015.jpg,365,466,21,150,49,515,515
2169.jpg,226,152,22,62,22,288,174
10702.jpg,355,405,22,0,60,355,465
2126.jpg,396,311,22,17,29,413,340
2178.jpg,224,184,22,96,24,320,208
2132.jpg,612,346,22,134,12,746,358
2110.jpg,180,125,22,0,9,180,134
2188.jpg,776,506,22,15,60,791,566
2101.jpg,218,188,22,88,38,306,226
2155.jpg,182,134,22,6,2,188,136
2138.jpg,141,123,22,39,12,180,135
15598.jpg,446,390,22,46,55,492,445
15324.jpg,261,263,22,0,159,261,422
2158.jpg,132,110,22,1,14,133,124
9191.jpg,348,246,22,69,72,417,318
2175.jpg,382,300,22,13,0,395,300
2124.jpg,126,105,22,20,0,146,105
2142.jpg,147,93,22,63,17,210,110
2127.jpg,453,331,22,56,57,509,388
15367.jpg,308,280,22,0,275,308,555
9163.jpg,322,323,22,0,67,322,390
2166.jpg,166,132,22,11,10,177,142
15867.jpg,350,283,22,250,57,600,340
2163.jpg,135,110,22,6,40,141,150
2125.jpg,299,244,22,0,46,299,290
2179.jpg,122,123,22,48,4,170,127
14210.jpg,200,122,22,120,26,320,148
2152.jpg,169,107,22,0,33,169,140
10694.jpg,354,375,22,0,39,354,414
2121.jpg,320,222,22,0,22,320,244
14410.jpg,568,433,22,203,17,771,450
10723.jpg,480,350,22,0,10,480,360
2100.jpg,210,152,22,0,6,210,158
14786.jpg,482,286,22,150,76,632,362
2120.jpg,248,171,22,0,31,248,202
2117.jpg,137,123,22,34,5,171,128
2107.jpg,130,137,22,0,3,130,140
2098.jpg,177,131,22,10,17,187,148
2139.jpg,260,169,22,285,9,545,178
9159.jpg,324,296,22,18,70,342,366
2113.jpg,354,218,22,227,226,581,444
9153.jpg,216,152,22,150,175,366,327
2157.jpg,210,181,22,19,20,229,201
2128.jpg,157,107,22,0,1,157,108
2106.jpg,114,82,22,59,24,173,106
2162.jpg,190,148,22,68,0,258,148
9162.jpg,348,300,22,12,87,360,387
9187.jpg,187,201,22,45,135,232,336
9171.jpg,360,320,22,0,103,360,423
2115.jpg,133,112,22,12,28,145,140
14345.jpg,638,470,22,0,16,638,486
2145.jpg,170,127,22,0,0,170,127
2116.jpg,130,94,22,45,18,175,112
2181.jpg,204,128,22,12,112,216,240
15830.jpg,332,210,22,256,41,588,251
2183.jpg,120,83,22,80,41,200,124
9099.jpg,234,289,22,21,84,255,373
9065.jpg,419,352,22,34,122,453,474
2167.jpg,97,74,22,0,27,97,101
2135.jpg,116,100,22,74,14,190,114
12116.jpg,137,121,22,102,59,239,180
10687.jpg,342,348,22,0,57,342,405
15899.jpg,242,244,22,238,47,480,291
2108.jpg,219,195,22,0,30,219,225
14219.jpg,181,116,22,96,34,277,150
9087.jpg,330,296,22,75,31,405,327
2119.jpg,304,240,22,16,0,320,240
9189.jpg,235,237,22,87,57,322,294
2190.jpg,169,127,22,0,0,169,127
16217.jpg,328,340,22,268,107,596,447
2122.jpg,297,251,22,0,43,297,294
2150.jpg,85,73,22,14,5,99,78
10613.jpg,441,360,22,18,0,459,360
2174.jpg,267,192,22,54,13,321,205
2160.jpg,108,110,22,52,10,160,120
10590.jpg,360,331,22,0,84,360,415
9164.jpg,345,327,22,1,69,346,396
10695.jpg,360,381,22,0,39,360,420
2099.jpg,179,134,22,2,1,181,135
2111.jpg,201,150,22,0,0,201,150
10755.jpg,263,361,22,0,49,263,410
2170.jpg,115,71,22,85,30,200,101
2092.jpg,168,112,22,4,15,172,127
10615.jpg,360,480,22,0,0,360,480
14401.jpg,361,346,22,160,97,521,443
11236.jpg,316,461,22,0,13,316,474
2105.jpg,480,339,22,0,21,480,360
12181.jpg,400,237,22,0,0,400,237
9155.jpg,327,300,22,9,96,336,396
9223.jpg,246,297,22,9,75,255,372
2156.jpg,172,99,22,8,0,180,99
2112.jpg,318,265,22,0,0,318,265
10701.jpg,267,362,22,0,52,267,414
2104.jpg,168,142,22,47,8,215,150
10614.jpg,360,442,22,0,0,360,442
2191.jpg,170,128,22,0,0,170,128
9086.jpg,320,339,22,22,42,342,381
15597.jpg,372,359,22,0,91,372,450
2161.jpg,231,115,22,69,3,300,118
2095.jpg,134,126,22,86,19,220,145
2186.jpg,247,260,22,153,25,400,285
2176.jpg,113,104,22,59,0,172,104
2172.jpg,132,118,22,44,14,176,132
2184.jpg,127,84,22,15,29,142,113
2148.jpg,139,140,22,36,0,175,140
2177.jpg,222,200,22,98,18,320,218
9170.jpg,267,313,22,0,81,267,394
10692.jpg,360,372,22,0,50,360,422
2171.jpg,100,92,22,49,2,149,94
2182.jpg,124,105,22,69,32,193,137
2185.jpg,238,185,22,11,18,249,203
14594.jpg,152,112,22,36,8,188,120
10874.jpg,358,414,22,0,6,358,420
15089.jpg,270,221,22,231,28,501,249
2097.jpg,200,191,22,55,0,255,191
2137.jpg,247,96,22,27,12,274,108
12112.jpg,163,291,22,217,0,380,291
2147.jpg,289,271,22,111,29,400,300
2096.jpg,132,114,22,147,36,279,150
15488.jpg,474,472,22,0,8,474,480
10906.jpg,288,344,22,0,103,288,447
2133.jpg,229,133,22,9,50,238,183
2164.jpg,195,81,22,15,63,210,144
2173.jpg,162,122,22,18,13,180,135
2134.jpg,450,423,22,0,27,450,450
2109.jpg,129,115,22,40,7,169,122
2146.jpg,114,116,22,61,7,175,123
2165.jpg,175,120,22,60,37,235,157
10690.jpg,358,355,22,0,39,358,394
9279.jpg,208,318,22,48,1,256,319
2123.jpg,478,282,22,35,115,513,397
11150.jpg,360,285,23,0,72,360,357
10868.jpg,480,360,23,0,0,480,360
11239.jpg,360,447,23,0,16,360,463
15914.jpg,553,421,23,25,5,578,426
10675.jpg,450,333,23,15,21,465,354
11241.jpg,346,379,23,0,42,346,421
11006.jpg,397,337,23,66,0,463,337
14389.jpg,555,410,23,60,1,615,411
2239.jpg,224,220,23,48,12,272,232
13777.jpg,294,288,23,190,60,484,348
13807.jpg,294,240,23,16,0,310,240
14773.jpg,693,530,23,25,11,718,541
2259.jpg,343,276,23,30,11,373,287
11675.jpg,360,480,23,0,0,360,480
2192.jpg,345,274,23,38,14,383,288
11664.jpg,480,360,23,0,0,480,360
9193.jpg,381,228,23,42,97,423,325
2232.jpg,653,600,23,75,0,728,600
11488.jpg,360,280,23,52,3,412,283
16665.jpg,507,370,23,58,25,565,395
2225.jpg,596,472,23,24,0,620,472
9148.jpg,315,237,23,45,48,360,285
2266.jpg,535,480,23,65,0,600,480
14970.jpg,497,398,23,301,0,798,398
2258.jpg,256,221,23,63,21,319,242
10603.jpg,360,480,23,0,0,360,480
11382.jpg,419,360,23,46,0,465,360
11114.jpg,437,357,23,10,3,447,360
9132.jpg,276,405,23,19,40,295,445
9284.jpg,396,318,23,39,30,435,348
11323.jpg,336,285,23,75,54,411,339
11476.jpg,420,329,23,24,4,444,333
2206.jpg,496,503,23,56,0,552,503
2204.jpg,546,480,23,28,0,574,480
15329.jpg,444,411,23,46,22,490,433
2216.jpg,239,135,23,16,42,255,177
11638.jpg,384,353,23,6,7,390,360
13880.jpg,247,207,23,15,25,262,232
11379.jpg,395,334,23,37,24,432,358
13624.jpg,476,412,23,176,79,652,491
16051.jpg,532,353,23,55,19,587,372
9060.jpg,558,427,23,24,33,582,460
16386.jpg,324,316,23,272,71,596,387
2250.jpg,366,284,23,23,16,389,300
16702.jpg,460,371,23,10,167,470,538
15873.jpg,385,324,23,120,2,505,326
14815.jpg,446,413,23,0,284,446,697
11314.jpg,342,270,23,81,0,423,270
9180.jpg,285,323,23,30,46,315,369
2213.jpg,630,594,23,84,0,714,594
2217.jpg,300,225,23,0,0,300,225
15675.jpg,353,238,23,120,147,473,385
13037.jpg,366,305,23,60,8,426,313
11469.jpg,336,261,23,85,4,421,265
16692.jpg,535,472,23,65,6,600,478
11623.jpg,325,261,23,93,9,418,270
15538.jpg,438,418,23,76,31,514,449
13744.jpg,430,306,23,88,11,518,317
12610.jpg,248,220,23,27,130,275,350
9363.jpg,360,444,23,0,6,360,450
2201.jpg,295,235,23,31,10,326,245
10803.jpg,444,360,23,18,0,462,360
16126.jpg,497,417,23,31,21,528,438
16130.jpg,436,398,23,120,43,556,441
2291.jpg,482,469,23,60,9,542,478
2222.jpg,252,240,23,32,0,284,240
13602.jpg,431,423,23,73,33,504,456
14337.jpg,463,460,23,0,253,463,713
15449.jpg,600,472,23,4,8,604,480
15467.jpg,325,220,23,245,25,570,245
15740.jpg,393,393,23,100,30,493,423
2268.jpg,520,480,23,52,0,572,480
2251.jpg,265,246,23,43,7,308,253
15634.jpg,435,308,23,75,55,510,363
2285.jpg,315,250,23,57,30,372,280
14971.jpg,407,468,23,391,68,798,536
2230.jpg,596,473,23,32,0,628,473
11666.jpg,480,360,23,0,0,480,360
2262.jpg,156,150,23,19,0,175,150
16269.jpg,320,319,23,1,46,321,365
11655.jpg,424,348,23,39,12,463,360
11691.jpg,749,600,23,1,0,750,600
9130.jpg,360,284,23,0,85,360,369
11492.jpg,422,288,23,34,0,456,288
2209.jpg,177,157,23,13,0,190,157
15015.jpg,577,450,23,21,0,598,450
11493.jpg,339,268,23,60,13,399,281
11648.jpg,273,255,23,90,87,363,342
2282.jpg,258,234,23,57,14,315,248
2220.jpg,592,480,23,22,0,614,480
15707.jpg,293,228,23,240,0,533,228
14888.jpg,354,256,23,268,84,622,340
2208.jpg,608,480,23,20,0,628,480
11663.jpg,384,316,23,46,27,430,343
11026.jpg,480,360,23,0,0,480,360
15510.jpg,315,225,23,310,77,625,302
15592.jpg,479,456,23,126,24,605,480
13712.jpg,292,278,23,348,65,640,343
9336.jpg,441,318,23,9,12,450,330
15846.jpg,367,434,23,233,1,600,435
15638.jpg,379,407,23,0,165,379,572
2226.jpg,195,147,23,4,4,199,151
13610.jpg,651,550,23,75,33,726,583
2231.jpg,598,480,23,26,0,624,480
2198.jpg,238,226,23,57,18,295,244
14061.jpg,432,370,23,366,128,798,498
11495.jpg,360,287,23,40,0,400,287
14065.jpg,392,310,23,328,145,720,455
2275.jpg,263,258,23,38,3,301,261
16268.jpg,569,411,23,28,31,597,442
2242.jpg,640,480,23,0,0,640,480
15318.jpg,557,445,23,20,0,577,445
14697.jpg,580,410,23,21,2,601,412
2279.jpg,263,234,23,50,12,313,246
14741.jpg,544,480,23,48,0,592,480
14911.jpg,604,589,23,116,11,720,600
14904.jpg,550,565,23,103,18,653,583
2247.jpg,338,245,23,36,27,374,272
2280.jpg,300,257,23,59,24,359,281
11501.jpg,387,323,23,40,16,427,339
9040.jpg,330,288,23,96,25,426,313
2263.jpg,267,224,23,49,14,316,238
9048.jpg,360,277,23,61,51,421,328
9138.jpg,309,282,23,69,45,378,327
14733.jpg,196,169,23,36,61,232,230
2193.jpg,285,236,23,56,37,341,273
9359.jpg,267,344,23,0,73,267,417
15344.jpg,480,374,23,0,0,480,374
13629.jpg,800,598,23,0,0,800,598
15150.jpg,408,417,23,84,1,492,418
15544.jpg,622,480,23,0,0,622,480
14905.jpg,610,478,23,22,0,632,478
11306.jpg,480,360,23,0,0,480,360
2254.jpg,324,272,23,42,26,366,298
2229.jpg,502,480,23,66,0,568,480
15898.jpg,431,315,23,82,7,513,322
16090.jpg,525,450,23,53,0,578,450
16677.jpg,599,447,23,1,1,600,448
14893.jpg,568,480,23,14,0,582,480
11604.jpg,369,357,23,15,3,384,360
16089.jpg,411,437,23,0,13,411,450
9183.jpg,267,249,23,0,114,267,363
2277.jpg,294,240,23,14,0,308,240
2224.jpg,552,480,23,44,0,596,480
2267.jpg,527,480,23,53,0,580,480
2205.jpg,494,481,23,61,0,555,481
16698.jpg,436,354,23,204,26,640,380
14833.jpg,552,470,23,28,10,580,480
2228.jpg,640,480,23,0,0,640,480
15325.jpg,594,443,23,6,0,600,443
13633.jpg,728,600,23,16,0,744,600
9194.jpg,448,285,23,9,48,457,333
15296.jpg,508,345,23,20,0,528,345
2194.jpg,312,249,23,55,23,367,272
13627.jpg,635,575,23,104,25,739,600
11555.jpg,426,327,23,18,0,444,327
2241.jpg,510,404,23,56,28,566,432
14864.jpg,536,378,23,36,44,572,422
2197.jpg,391,262,23,5,16,396,278
2211.jpg,161,148,23,27,0,188,148
10901.jpg,254,356,23,16,73,270,429
11609.jpg,387,351,23,37,0,424,351
11644.jpg,420,336,23,60,24,480,360
15527.jpg,478,512,23,0,76,478,588
2272.jpg,343,240,23,36,29,379,269
11605.jpg,237,261,23,0,96,237,357
10588.jpg,464,353,23,1,7,465,360
2214.jpg,172,157,23,13,0,185,157
14624.jpg,428,420,23,132,24,560,444
9123.jpg,316,423,23,24,33,340,456
2221.jpg,300,287,23,0,7,300,294
10714.jpg,267,343,23,0,69,267,412
2215.jpg,210,158,23,0,0,210,158
11133.jpg,357,367,23,3,51,360,418
11621.jpg,429,353,23,15,7,444,360
15136.jpg,632,476,23,5,0,637,476
11641.jpg,422,360,23,4,0,426,360
2287.jpg,330,270,23,49,14,379,284
14831.jpg,600,436,23,40,28,640,464
16660.jpg,328,273,23,72,2,400,275
2261.jpg,520,475,23,48,0,568,475
11549.jpg,453,342,23,21,9,474,351
10810.jpg,450,358,23,12,0,462,358
11176.jpg,267,324,23,0,84,267,408
14585.jpg,666,513,23,55,53,721,566
10724.jpg,450,306,23,6,54,456,360
14725.jpg,174,147,23,146,63,320,210
14891.jpg,550,400,23,26,38,576,438
11586.jpg,435,327,23,37,0,472,327
2236.jpg,85,78,23,0,0,85,78
15372.jpg,500,325,23,71,78,571,403
11653.jpg,423,348,23,45,12,468,360
15219.jpg,367,343,23,70,0,437,343
11585.jpg,480,360,23,0,0,480,360
14048.jpg,410,409,23,356,191,766,600
14016.jpg,377,338,23,398,173,775,511
13623.jpg,495,517,23,186,66,681,583
15069.jpg,467,309,23,98,53,565,362
2207.jpg,494,480,23,54,0,548,480
11307.jpg,480,360,23,0,0,480,360
11494.jpg,389,276,23,34,11,423,287
14820.jpg,589,613,23,8,122,597,735
2240.jpg,183,147,23,14,3,197,150
2237.jpg,210,156,23,0,2,210,158
15901.jpg,343,281,23,257,33,600,314
2202.jpg,375,249,23,13,24,388,273
2284.jpg,640,480,23,0,0,640,480
11256.jpg,416,360,23,37,0,453,360
14460.jpg,586,455,23,1,0,587,455
13743.jpg,330,340,23,310,128,640,468
2227.jpg,204,140,23,0,9,204,149
15285.jpg,278,246,23,322,54,600,300
15029.jpg,638,440,23,2,28,640,468
14863.jpg,304,276,23,256,156,560,432
2210.jpg,248,240,23,34,0,282,240
14898.jpg,382,385,23,398,180,780,565
16158.jpg,506,447,23,0,0,506,447
14872.jpg,561,563,23,65,20,626,583
14079.jpg,398,418,23,205,88,603,506
9144.jpg,355,270,23,57,45,412,315
15297.jpg,582,450,23,8,0,590,450
15633.jpg,487,384,23,60,27,547,411
11603.jpg,272,236,23,187,13,459,249
2265.jpg,550,480,23,38,0,588,480
14809.jpg,476,456,23,100,24,576,480
9362.jpg,360,416,23,0,19,360,435
9220.jpg,310,273,23,72,51,382,324
9074.jpg,360,378,23,0,45,360,423
10662.jpg,342,480,23,0,0,342,480
16003.jpg,572,437,23,57,0,629,437
11244.jpg,345,381,23,0,39,345,420
14453.jpg,604,589,23,56,11,660,600
10733.jpg,267,325,23,0,72,267,397
11686.jpg,385,296,23,373,93,758,389
14793.jpg,572,429,23,128,6,700,435
2244.jpg,193,155,23,8,0,201,155
11268.jpg,462,360,23,0,0,462,360
14979.jpg,452,480,23,88,0,540,480
2289.jpg,218,214,23,52,16,270,230
2219.jpg,235,160,23,1,17,236,177
11497.jpg,256,286,23,0,105,256,391
10660.jpg,360,389,23,0,40,360,429
2203.jpg,583,477,23,34,0,617,477
2283.jpg,640,480,23,0,0,640,480
15685.jpg,279,274,23,276,52,555,326
14562.jpg,178,172,23,54,56,232,228
2255.jpg,380,279,23,0,6,380,285
16709.jpg,329,324,23,141,35,470,359
15195.jpg,448,478,23,140,0,588,478
16693.jpg,346,377,23,290,49,636,426
11657.jpg,450,360,23,0,0,450,360
10888.jpg,330,358,23,67,0,397,358
14778.jpg,526,460,23,30,20,556,480
2288.jpg,555,470,23,53,2,608,472
11242.jpg,360,447,23,0,15,360,462
2243.jpg,487,480,23,57,0,544,480
13605.jpg,460,379,23,144,69,604,448
10754.jpg,346,302,23,60,34,406,336
13631.jpg,630,308,23,81,151,711,459
15686.jpg,396,364,23,106,21,502,385
2218.jpg,160,158,23,22,0,182,158
10886.jpg,360,468,23,0,0,360,468
2212.jpg,505,478,23,72,0,577,478
2233.jpg,706,600,23,46,0,752,600
14077.jpg,315,312,23,396,196,711,508
2195.jpg,267,207,23,42,25,309,232
14860.jpg,350,328,23,286,88,636,416
15765.jpg,313,321,23,0,153,313,474
10867.jpg,435,360,23,33,0,468,360
10873.jpg,360,445,23,0,13,360,458
14631.jpg,595,510,23,198,65,793,575
2276.jpg,305,256,23,46,18,351,274
10576.jpg,444,339,23,21,21,465,360
11421.jpg,429,358,23,18,0,447,358
2253.jpg,390,287,23,13,10,403,297
2248.jpg,370,277,23,15,18,385,295
11221.jpg,460,360,23,0,0,460,360
14696.jpg,644,450,23,1,0,645,450
14859.jpg,408,407,23,123,393,531,800
10647.jpg,456,360,23,6,0,462,360
11267.jpg,462,360,23,0,0,462,360
11189.jpg,354,480,23,6,0,360,480
2374.jpg,615,448,24,14,6,629,454
2301.jpg,520,463,24,62,10,582,473
2383.jpg,576,303,24,28,113,604,416
2376.jpg,568,493,24,126,92,694,585
2340.jpg,464,407,24,84,33,548,440
2330.jpg,520,397,24,65,55,585,452
11053.jpg,441,306,24,3,21,444,327
2322.jpg,566,475,24,110,58,676,533
2359.jpg,496,403,24,80,18,576,421
2295.jpg,395,315,24,50,45,445,360
2296.jpg,397,290,24,51,51,448,341
10604.jpg,360,340,24,0,42,360,382
11009.jpg,437,360,24,13,0,450,360
2348.jpg,362,312,24,20,8,382,320
2329.jpg,681,534,24,69,57,750,591
11012.jpg,267,446,24,0,34,267,480
2314.jpg,699,523,24,50,46,749,569
10865.jpg,288,370,24,0,60,288,430
2366.jpg,480,428,24,73,26,553,454
2357.jpg,369,291,24,61,59,430,350
2323.jpg,474,347,24,12,8,486,355
2339.jpg,323,249,24,37,28,360,277
2391.jpg,459,362,24,97,88,556,450
15841.jpg,515,450,24,32,0,547,450
2300.jpg,569,391,24,28,41,597,432
10846.jpg,474,357,24,0,3,474,360
11051.jpg,373,339,24,48,21,421,360
2385.jpg,419,300,24,49,15,468,315
2334.jpg,422,373,24,118,73,540,446
13609.jpg,549,503,24,169,88,718,591
2390.jpg,463,326,24,89,92,552,418
2315.jpg,738,532,24,40,79,778,611
2361.jpg,499,430,24,78,20,577,450
2367.jpg,559,434,24,66,58,625,492
2293.jpg,369,249,24,0,51,369,300
2356.jpg,548,323,24,29,130,577,453
2321.jpg,694,591,24,55,9,749,600
10880.jpg,360,390,24,0,22,360,412
2336.jpg,417,320,24,120,112,537,432
9224.jpg,369,330,24,30,12,399,342
11046.jpg,381,342,24,39,18,420,360
2342.jpg,556,404,24,37,36,593,440
2369.jpg,243,212,24,197,76,440,288
2381.jpg,343,286,24,28,12,371,298
2384.jpg,282,231,24,57,47,339,278
2347.jpg,467,337,24,28,35,495,372
11600.jpg,257,264,24,100,6,357,270
2332.jpg,418,353,24,42,15,460,368
2378.jpg,397,381,24,1,114,398,495
10871.jpg,359,477,24,1,0,360,477
2355.jpg,699,515,24,63,41,762,556
2306.jpg,546,394,24,46,48,592,442
11047.jpg,413,342,24,67,18,480,360
14000.jpg,564,364,24,0,68,564,432
2370.jpg,512,412,24,56,20,568,432
11672.jpg,288,364,24,0,30,288,394
2350.jpg,445,335,24,72,70,517,405
2333.jpg,637,430,24,81,129,718,559
2341.jpg,273,203,24,30,25,303,228
2343.jpg,501,378,24,79,59,580,437
15834.jpg,538,450,24,13,0,551,450
2365.jpg,648,657,24,64,21,712,678
10758.jpg,450,360,24,0,0,450,360
11246.jpg,372,324,24,43,0,415,324
2309.jpg,574,434,24,98,17,672,451
2380.jpg,455,320,24,36,21,491,341
9257.jpg,267,270,24,36,75,303,345
2346.jpg,542,400,24,19,36,561,436
2308.jpg,461,272,24,84,78,545,350
2325.jpg,313,264,24,65,59,378,323
2292.jpg,373,284,24,34,26,407,310
2363.jpg,528,409,24,242,31,770,440
2305.jpg,436,412,24,63,30,499,442
11052.jpg,402,345,24,73,15,475,360
2307.jpg,482,291,24,5,33,487,324
11225.jpg,373,341,24,57,1,430,342
2320.jpg,474,311,24,76,57,550,368
9315.jpg,403,278,24,45,34,448,312
9075.jpg,360,289,24,0,72,360,361
2319.jpg,630,416,24,108,98,738,514
13604.jpg,455,343,24,183,73,638,416
13607.jpg,526,462,24,118,126,644,588
2372.jpg,448,424,24,94,29,542,453
2318.jpg,739,588,24,45,5,784,593
2337.jpg,369,295,24,17,6,386,301
2326.jpg,696,464,24,29,15,725,479
2388.jpg,621,522,24,0,47,621,569
2327.jpg,322,183,24,63,57,385,240
2313.jpg,422,282,24,118,60,540,342
2371.jpg,354,355,24,194,45,548,400
2294.jpg,559,490,24,143,71,702,561
10806.jpg,440,360,24,4,0,444,360
2364.jpg,506,416,24,68,40,574,456
2386.jpg,476,459,24,72,13,548,472
10866.jpg,360,462,24,0,0,360,462
2317.jpg,554,368,24,132,140,686,508
2331.jpg,432,306,24,21,27,453,333
11048.jpg,414,314,24,21,22,435,336
10955.jpg,357,480,24,0,0,357,480
2351.jpg,473,388,24,88,38,561,426
15853.jpg,325,273,24,244,2,569,275
2316.jpg,574,503,24,57,39,631,542
9.jpg,520,433,24,278,76,798,509
2382.jpg,375,298,24,28,25,403,323
2298.jpg,488,400,24,80,62,568,462
2389.jpg,624,542,24,99,49,723,591
15822.jpg,571,480,24,62,0,633,480
2328.jpg,494,428,24,62,30,556,458
2303.jpg,407,314,24,48,32,455,346
2335.jpg,480,327,24,120,75,600,402
2297.jpg,591,396,24,21,54,612,450
2310.jpg,619,493,24,75,101,694,594
2427.jpg,256,208,25,34,24,290,232
2416.jpg,292,226,25,14,6,306,232
2407.jpg,229,164,25,0,31,229,195
2399.jpg,324,310,25,86,16,410,326
2470.jpg,141,137,25,35,8,176,145
16770.jpg,554,329,25,2,46,556,375
2394.jpg,322,271,25,40,29,362,300
2449.jpg,262,194,25,28,44,290,238
2479.jpg,167,148,25,11,143,178,291
2440.jpg,254,198,25,30,26,284,224
2434.jpg,572,366,25,50,54,622,420
2458.jpg,150,126,25,0,12,150,138
2447.jpg,490,330,25,10,42,500,372
2439.jpg,323,262,25,47,22,370,284
16769.jpg,555,411,25,2,3,557,414
2467.jpg,181,154,25,29,7,210,161
2462.jpg,150,109,25,0,18,150,127
2405.jpg,387,295,25,36,17,423,312
2418.jpg,375,290,25,11,78,386,368
2438.jpg,325,328,25,11,29,336,357
2452.jpg,418,264,25,52,71,470,335
2397.jpg,435,305,25,35,30,470,335
2448.jpg,203,132,25,22,28,225,160
16736.jpg,636,481,25,2,4,638,485
2410.jpg,380,208,25,4,44,384,252
2419.jpg,362,282,25,49,27,411,309
2486.jpg,713,376,25,47,94,760,470
2484.jpg,158,122,25,14,14,172,136
2442.jpg,150,150,25,0,0,150,150
16791.jpg,545,417,25,48,36,593,453
2425.jpg,523,408,25,73,60,596,468
2464.jpg,120,112,25,57,16,177,128
2423.jpg,628,480,25,10,0,638,480
16773.jpg,453,431,25,92,41,545,472
2422.jpg,328,240,25,19,26,347,266
2488.jpg,115,104,25,20,65,135,169
2400.jpg,615,512,25,49,70,664,582
5183.jpg,271,105,25,68,0,339,105
2487.jpg,229,158,25,0,37,229,195
2411.jpg,472,341,25,88,96,560,437
2492.jpg,505,320,25,48,84,553,404
2477.jpg,250,201,25,96,19,346,220
2393.jpg,503,369,25,85,69,588,438
2396.jpg,118,105,25,24,21,142,126
2430.jpg,384,283,25,54,42,438,325
2443.jpg,492,527,25,133,32,625,559
2454.jpg,400,293,25,0,0,400,293
2465.jpg,250,144,25,0,27,250,171
2459.jpg,252,217,25,26,14,278,231
2445.jpg,461,308,25,26,45,487,353
2441.jpg,138,85,25,25,25,163,110
2417.jpg,495,392,25,89,44,584,436
2435.jpg,524,376,25,60,80,584,456
2457.jpg,197,163,25,25,12,222,175
2485.jpg,235,178,25,0,17,235,195
16732.jpg,443,339,25,36,2,479,341
2451.jpg,240,264,25,0,22,240,286
2490.jpg,302,325,25,100,134,402,459
2474.jpg,262,218,25,47,34,309,252
2409.jpg,284,201,25,16,6,300,207
2402.jpg,210,217,25,0,21,210,238
2437.jpg,150,104,25,0,25,150,129
2406.jpg,314,257,25,97,52,411,309
2476.jpg,189,173,25,39,7,228,180
2446.jpg,596,400,25,44,32,640,432
2414.jpg,276,212,25,24,10,300,222
16781.jpg,470,347,25,3,8,473,355
2398.jpg,448,318,25,40,35,488,353
2480.jpg,490,383,25,82,46,572,429
2473.jpg,125,123,25,16,13,141,136
2453.jpg,240,186,25,0,88,240,274
2415.jpg,413,375,25,73,0,486,375
2413.jpg,316,243,25,14,31,330,274
2444.jpg,218,182,25,31,37,249,219
2478.jpg,252,210,25,23,73,275,283
16721.jpg,372,335,25,59,29,431,364
16738.jpg,494,359,25,3,16,497,375
2426.jpg,552,480,25,64,0,616,480
16730.jpg,447,331,25,2,2,449,333
2469.jpg,341,375,25,259,51,600,426
2404.jpg,153,112,25,17,7,170,119
2420.jpg,756,496,25,17,80,773,576
2401.jpg,147,128,25,3,19,150,147
2429.jpg,323,298,25,85,52,408,350
2489.jpg,420,305,25,15,67,435,372
2460.jpg,128,112,25,5,7,133,119
2392.jpg,288,226,25,18,8,306,234
2412.jpg,224,166,25,42,0,266,166
2468.jpg,120,109,25,0,13,120,122
2558.jpg,237,135,26,105,96,342,231
2581.jpg,480,410,26,0,94,480,504
9207.jpg,356,322,26,4,72,360,394
2528.jpg,408,307,26,20,14,428,321
15988.jpg,424,265,26,87,54,511,319
15938.jpg,521,450,26,45,0,566,450
2540.jpg,320,240,26,0,0,320,240
2586.jpg,265,185,26,15,42,280,227
2495.jpg,153,111,26,42,52,195,163
2499.jpg,200,156,26,0,0,200,156
2582.jpg,320,240,26,0,0,320,240
11041.jpg,300,261,26,93,42,393,303
2535.jpg,480,461,26,0,120,480,581
2590.jpg,200,150,26,0,0,200,150
2543.jpg,250,180,26,0,0,250,180
2559.jpg,195,174,26,57,29,252,203
15251.jpg,303,329,26,127,0,430,329
2524.jpg,192,144,26,0,0,192,144
13981.jpg,379,391,26,50,141,429,532
9243.jpg,392,285,26,64,30,456,315
11452.jpg,288,264,26,0,103,288,367
2569.jpg,200,142,26,0,0,200,142
2509.jpg,184,121,26,18,57,202,178
15840.jpg,346,321,26,251,57,597,378
2544.jpg,320,249,26,0,0,320,249
2587.jpg,520,390,26,0,0,520,390
2538.jpg,303,247,26,72,54,375,301
10589.jpg,480,360,26,0,0,480,360
2572.jpg,480,355,26,0,0,480,355
2551.jpg,176,121,26,31,16,207,137
2537.jpg,411,242,26,16,69,427,311
2517.jpg,210,259,26,0,21,210,280
2577.jpg,198,133,26,0,15,198,148
2547.jpg,268,185,26,18,31,286,216
2529.jpg,312,179,26,17,45,329,224
2545.jpg,268,202,26,24,20,292,222
2506.jpg,250,170,26,0,0,250,170
2570.jpg,180,161,26,5,23,185,184
13262.jpg,246,176,26,170,160,416,336
2502.jpg,640,480,26,0,0,640,480
2501.jpg,164,115,26,18,17,182,132
14862.jpg,604,492,26,56,81,660,573
2523.jpg,162,127,26,12,8,174,135
2503.jpg,400,280,26,0,20,400,300
2516.jpg,181,123,26,25,12,206,135
2539.jpg,240,180,26,0,0,240,180
2546.jpg,256,122,26,30,56,286,178
2500.jpg,640,369,26,0,77,640,446
11040.jpg,274,240,26,120,57,394,297
2554.jpg,240,165,26,5,15,245,180
2556.jpg,168,149,26,32,14,200,163
2525.jpg,184,132,26,4,6,188,138
2592.jpg,160,172,26,0,100,160,272
2536.jpg,200,183,26,0,17,200,200
2567.jpg,320,228,26,0,12,320,240
2498.jpg,238,176,26,46,28,284,204
10927.jpg,360,450,26,0,30,360,480
13881.jpg,383,541,26,45,45,428,586
2493.jpg,170,114,26,4,26,174,140
2533.jpg,400,227,26,0,42,400,269
2564.jpg,204,82,26,18,101,222,183
10738.jpg,355,405,26,0,16,355,421
9061.jpg,520,368,26,64,48,584,416
2520.jpg,320,240,26,0,0,320,240
2515.jpg,203,128,26,25,20,228,148
2508.jpg,320,240,26,0,0,320,240
2505.jpg,230,173,26,0,0,230,173
2527.jpg,286,152,26,14,28,300,180
2526.jpg,394,186,26,6,67,400,253
15616.jpg,400,154,26,118,231,518,385
14340.jpg,387,316,26,16,65,403,381
2534.jpg,350,263,26,0,0,350,263
10777.jpg,480,360,26,0,0,480,360
2576.jpg,350,321,26,0,146,350,467
2513.jpg,192,144,26,0,0,192,144
2562.jpg,191,150,26,20,0,211,150
13966.jpg,454,495,26,8,81,462,576
2555.jpg,186,136,26,13,3,199,139
16037.jpg,592,414,26,8,16,600,430
2563.jpg,260,150,26,30,39,290,189
2541.jpg,200,118,26,0,11,200,129
2550.jpg,296,222,26,14,18,310,240
2589.jpg,160,160,26,16,1,176,161
9312.jpg,327,258,26,69,45,396,303
15844.jpg,402,371,26,0,52,402,423
2568.jpg,320,202,26,0,16,320,218
15814.jpg,320,285,26,103,0,423,285
2588.jpg,296,241,26,14,2,310,243
2497.jpg,384,245,26,0,43,384,288
2530.jpg,315,223,26,0,0,315,223
2496.jpg,165,130,26,16,11,181,141
2542.jpg,141,173,26,66,38,207,211
15249.jpg,257,241,26,324,60,581,301
2583.jpg,280,180,26,0,0,280,180
2579.jpg,481,278,26,37,12,518,290
2571.jpg,450,318,26,0,61,450,379
2575.jpg,319,263,26,0,0,319,263
2521.jpg,214,148,26,106,44,320,192
2548.jpg,224,135,26,7,28,231,163
6964.jpg,460,312,26,5,0,465,312
2504.jpg,260,182,26,0,0,260,182
2511.jpg,192,144,26,0,0,192,144
15767.jpg,329,320,26,271,51,600,371
2531.jpg,196,127,26,0,20,196,147
2650.jpg,593,398,27,84,189,677,587
2615.jpg,345,328,27,105,78,450,406
2604.jpg,480,396,27,52,51,532,447
15805.jpg,471,443,27,0,0,471,443
2664.jpg,398,277,27,16,124,414,401
2677.jpg,490,431,27,175,45,665,476
2672.jpg,521,430,27,80,42,601,472
11084.jpg,393,360,27,30,0,423,360
15887.jpg,480,533,27,0,32,480,565
2600.jpg,394,469,27,12,49,406,518
14011.jpg,456,413,27,300,105,756,518
2645.jpg,412,500,27,0,0,412,500
2593.jpg,289,272,27,0,7,289,279
14717.jpg,222,174,27,38,4,260,178
2612.jpg,303,295,27,98,100,401,395
2678.jpg,553,318,27,57,108,610,426
13729.jpg,476,228,27,164,148,640,376
15668.jpg,584,358,27,21,0,605,358
15279.jpg,576,449,27,7,1,583,450
2626.jpg,298,228,27,98,67,396,295
9332.jpg,357,318,27,42,21,399,339
10664.jpg,360,431,27,0,49,360,480
11061.jpg,480,349,27,0,0,480,349
2594.jpg,781,557,27,3,22,784,579
2596.jpg,403,330,27,25,15,428,345
9234.jpg,254,330,27,4,63,258,393
2691.jpg,314,256,27,56,57,370,313
9081.jpg,360,378,27,0,33,360,411
13963.jpg,217,190,27,1,48,218,238
2609.jpg,567,470,27,81,17,648,487
2657.jpg,780,583,27,15,111,795,694
2633.jpg,352,251,27,28,65,380,316
2681.jpg,410,313,27,65,50,475,363
2652.jpg,732,498,27,24,16,756,514
2599.jpg,438,288,27,22,39,460,327
6912.jpg,400,300,27,0,0,400,300
14591.jpg,697,600,27,38,0,735,600
13035.jpg,340,310,27,1,161,341,471
2627.jpg,463,355,27,17,10,480,365
2621.jpg,320,236,27,65,91,385,327
2611.jpg,710,401,27,34,43,744,444
11178.jpg,390,346,27,30,9,420,355
2675.jpg,521,316,27,57,56,578,372
2666.jpg,400,289,27,128,93,528,382
2601.jpg,565,416,27,61,61,626,477
14374.jpg,640,316,27,0,74,640,390
14713.jpg,180,239,27,0,41,180,280
9140.jpg,224,379,27,55,21,279,400
2603.jpg,614,390,27,91,79,705,469
2625.jpg,368,213,27,37,97,405,310
2661.jpg,266,201,27,17,29,283,230
15745.jpg,352,344,27,248,102,600,446
14704.jpg,180,211,27,0,38,180,249
2619.jpg,258,273,27,127,97,385,370
14695.jpg,394,345,27,1,72,395,417
2673.jpg,513,355,27,37,10,550,365
2629.jpg,384,249,27,73,57,457,306
2689.jpg,495,414,27,137,105,632,519
14770.jpg,550,377,27,121,26,671,403
2669.jpg,500,356,27,62,64,562,420
15622.jpg,348,353,27,153,3,501,356
2641.jpg,383,292,27,57,51,440,343
2670.jpg,522,423,27,38,33,560,456
2667.jpg,369,290,27,21,21,390,311
14351.jpg,407,266,27,393,55,800,321
2660.jpg,466,370,27,60,46,526,416
11420.jpg,480,306,27,0,48,480,354
2656.jpg,664,401,27,94,99,758,500
2686.jpg,337,259,27,80,68,417,327
2671.jpg,200,111,27,113,157,313,268
2679.jpg,630,471,27,10,9,640,480
11550.jpg,480,351,27,0,0,480,351
13691.jpg,465,447,27,166,41,631,488
2622.jpg,399,268,27,61,57,460,325
2614.jpg,374,300,27,58,48,432,348
2687.jpg,404,251,27,53,57,457,308
10612.jpg,480,357,27,0,3,480,360
2620.jpg,283,305,27,108,88,391,393
2653.jpg,766,524,27,16,54,782,578
2616.jpg,348,217,27,60,73,408,290
2665.jpg,283,202,27,65,59,348,261
2642.jpg,483,277,27,0,39,483,316
14369.jpg,546,535,27,0,63,546,598
11245.jpg,415,334,27,18,24,433,358
16009.jpg,378,294,27,18,123,396,417
9079.jpg,377,316,27,52,18,429,334
15110.jpg,323,399,27,274,34,597,433
2617.jpg,326,299,27,96,97,422,396
14021.jpg,323,315,27,400,263,723,578
10611.jpg,360,477,27,0,3,360,480
2628.jpg,245,213,27,123,58,368,271
2610.jpg,726,422,27,39,82,765,504
2640.jpg,364,371,27,2,86,366,457
2605.jpg,751,468,27,15,35,766,503
10769.jpg,277,413,27,0,26,277,439
2659.jpg,389,286,27,11,14,400,300
2632.jpg,311,298,27,89,2,400,300
2683.jpg,260,189,27,409,95,669,284
11603.jpg,237,167,27,93,193,330,360
2643.jpg,490,300,27,8,60,498,360
2651.jpg,570,508,27,24,27,594,535
2658.jpg,327,294,27,63,34,390,328
11626.jpg,350,260,27,97,4,447,264
15747.jpg,302,335,27,276,25,578,360
2690.jpg,252,179,27,111,69,363,248
14712.jpg,180,290,27,0,8,180,298
2598.jpg,387,420,27,17,126,404,546
10609.jpg,422,360,27,25,0,447,360
14708.jpg,160,137,27,78,11,238,148
15915.jpg,478,547,27,0,64,478,611
2613.jpg,348,311,27,78,96,426,407
2662.jpg,546,387,27,218,146,764,533
2618.jpg,275,232,27,115,60,390,292
2636.jpg,318,259,27,18,171,336,430
13977.jpg,209,213,27,17,65,226,278
2597.jpg,380,311,27,60,36,440,347
2685.jpg,474,323,27,8,30,482,353
13721.jpg,424,204,27,152,180,576,384
2602.jpg,341,301,27,97,105,438,406
14556.jpg,693,588,27,25,10,718,598
2710.jpg,366,299,28,202,109,568,408
9266.jpg,340,307,28,21,51,361,358
15359.jpg,239,217,28,188,91,427,308
14750.jpg,428,414,28,84,4,512,418
9248.jpg,295,211,28,99,66,394,277
11042.jpg,276,283,28,105,48,381,331
2744.jpg,178,85,28,16,32,194,117
2734.jpg,168,132,28,21,18,189,150
2741.jpg,273,184,28,28,57,301,241
2702.jpg,286,196,28,6,12,292,208
2779.jpg,182,135,28,0,0,182,135
2703.jpg,186,127,28,10,6,196,133
2791.jpg,144,132,28,0,48,144,180
2755.jpg,210,203,28,0,60,210,263
2733.jpg,440,330,28,0,0,440,330
2752.jpg,267,200,28,0,0,267,200
2736.jpg,288,257,28,0,14,288,271
2773.jpg,166,121,28,19,77,185,198
2738.jpg,255,171,28,27,36,282,207
2772.jpg,191,134,28,0,128,191,262
2740.jpg,170,118,28,0,5,170,123
2715.jpg,171,120,28,0,0,171,120
2749.jpg,266,187,28,14,0,280,187
15710.jpg,492,428,28,76,22,568,450
15434.jpg,302,295,28,238,130,540,425
2713.jpg,188,226,28,0,15,188,241
2756.jpg,266,200,28,0,0,266,200
16013.jpg,330,220,28,122,84,452,304
13708.jpg,330,228,28,158,20,488,248
11680.jpg,444,377,28,181,84,625,461
9277.jpg,399,330,28,51,30,450,360
2723.jpg,420,250,28,0,0,420,250
15755.jpg,391,266,28,47,48,438,314
2711.jpg,294,196,28,10,20,304,216
2706.jpg,600,339,28,0,84,600,423
2705.jpg,340,223,28,0,13,340,236
2748.jpg,480,360,28,0,0,480,360
2720.jpg,561,403,28,39,0,600,403
2697.jpg,318,300,28,61,0,379,300
14772.jpg,492,396,28,100,24,592,420
2737.jpg,245,173,28,0,0,245,173
2774.jpg,274,174,28,18,22,292,196
2708.jpg,165,124,28,11,0,176,124
15754.jpg,454,308,28,18,27,472,335
2760.jpg,320,240,28,0,0,320,240
2728.jpg,419,290,28,31,0,450,290
2782.jpg,210,129,28,0,0,210,129
2718.jpg,279,209,28,14,14,293,223
2786.jpg,224,168,28,0,0,224,168
2775.jpg,240,150,28,2,18,242,168
2751.jpg,132,111,28,16,10,148,121
2783.jpg,244,170,28,36,36,280,206
2739.jpg,179,150,28,28,0,207,150
2721.jpg,175,139,28,16,12,191,151
13979.jpg,265,177,28,20,3,285,180
2790.jpg,248,190,28,26,26,274,216
2726.jpg,194,146,28,8,2,202,148
2699.jpg,214,128,28,17,29,231,157
2700.jpg,240,150,28,0,15,240,165
11011.jpg,347,319,28,67,33,414,352
2766.jpg,148,118,28,26,36,174,154
15616.jpg,500,249,28,15,53,515,302
2769.jpg,269,173,28,357,142,626,315
10795.jpg,370,210,28,69,100,439,310
7304.jpg,320,257,28,79,28,399,285
9247.jpg,360,328,28,0,66,360,394
2725.jpg,280,210,28,0,0,280,210
2727.jpg,236,153,28,11,26,247,179
2762.jpg,380,285,28,0,0,380,285
15860.jpg,524,450,28,36,0,560,450
2735.jpg,224,172,28,20,3,244,175
10818.jpg,400,354,28,21,6,421,360
2712.jpg,160,112,28,0,0,160,112
2785.jpg,353,227,28,114,172,467,399
14715.jpg,289,174,28,17,4,306,178
2701.jpg,266,200,28,0,0,266,200
2742.jpg,208,203,28,27,142,235,345
2792.jpg,182,119,28,0,1,182,120
2776.jpg,255,108,28,17,72,272,180
15384.jpg,362,279,28,60,51,422,330
2731.jpg,294,203,28,0,63,294,266
2694.jpg,396,300,28,54,20,450,320
2768.jpg,150,112,28,150,33,300,145
2761.jpg,303,215,28,53,132,356,347
10793.jpg,287,197,28,94,85,381,282
10934.jpg,360,444,28,0,30,360,474
2789.jpg,371,238,28,33,0,404,238
10933.jpg,360,480,28,0,0,360,480
2724.jpg,250,174,28,0,0,250,174
2771.jpg,194,130,28,16,14,210,144
2695.jpg,472,296,28,105,77,577,373
9082.jpg,353,324,28,67,33,420,357
2777.jpg,200,152,28,0,0,200,152
2784.jpg,300,201,28,0,19,300,220
2764.jpg,117,79,28,10,64,127,143
2714.jpg,400,269,28,0,12,400,281
2732.jpg,320,230,28,0,10,320,240
2745.jpg,371,258,28,20,20,391,278
2693.jpg,189,140,28,4,5,193,145
11010.jpg,329,263,28,55,55,384,318
2722.jpg,690,250,28,0,0,690,250
2747.jpg,180,102,28,0,24,180,126
11679.jpg,506,432,28,173,66,679,498
2696.jpg,542,343,28,58,65,600,408
15711.jpg,404,333,28,118,24,522,357
2698.jpg,184,82,28,51,41,235,123
9251.jpg,362,188,28,85,115,447,303
15751.jpg,445,339,28,27,12,472,351
2753.jpg,264,200,28,0,0,264,200
2730.jpg,264,200,28,0,0,264,200
2881.jpg,180,101,29,0,16,180,117
2880.jpg,500,375,29,0,0,500,375
2831.jpg,455,375,29,45,0,500,375
9268.jpg,325,294,29,69,36,394,330
15338.jpg,553,371,29,60,74,613,445
13616.jpg,595,596,29,115,0,710,596
2837.jpg,380,238,29,0,47,380,285
2841.jpg,300,225,29,0,0,300,225
2878.jpg,640,421,29,0,41,640,462
2827.jpg,343,225,29,26,35,369,260
2863.jpg,180,135,29,0,0,180,135
2835.jpg,330,177,29,0,108,330,285
2794.jpg,382,266,29,0,0,382,266
2885.jpg,170,132,29,4,1,174,133
2868.jpg,250,173,29,0,10,250,183
2808.jpg,570,246,29,0,0,570,246
15252.jpg,443,473,29,32,195,475,668
14587.jpg,562,534,29,10,168,572,702
16356.jpg,496,230,29,76,142,572,372
9199.jpg,360,409,29,0,3,360,412
2796.jpg,305,242,29,76,18,381,260
2858.jpg,225,147,29,0,19,225,166
2825.jpg,460,316,29,0,29,460,345
2797.jpg,130,80,29,12,7,142,87
2860.jpg,420,352,29,0,0,420,352
2801.jpg,284,256,29,0,0,284,256
2793.jpg,261,160,29,0,0,261,160
2886.jpg,250,224,29,0,26,250,250
2871.jpg,195,131,29,0,6,195,137
2839.jpg,120,90,29,0,0,120,90
2800.jpg,182,136,29,0,14,182,150
2804.jpg,154,87,29,6,19,160,106
2833.jpg,224,148,29,0,9,224,157
15811.jpg,600,384,29,0,42,600,426
2813.jpg,250,172,29,0,0,250,172
2846.jpg,460,326,29,15,12,475,338
2876.jpg,500,340,29,0,25,500,365
2802.jpg,226,163,29,0,0,226,163
2855.jpg,400,193,29,0,52,400,245
2811.jpg,205,188,29,0,0,205,188
9165.jpg,306,190,29,30,150,336,340
2867.jpg,210,111,29,0,20,210,131
2873.jpg,159,93,29,48,29,207,122
2829.jpg,158,102,29,6,19,164,121
2795.jpg,154,158,29,17,0,171,158
2821.jpg,330,185,29,21,36,351,221
2834.jpg,220,115,29,0,31,220,146
15877.jpg,537,426,29,0,0,537,426
9200.jpg,360,480,29,0,0,360,480
2807.jpg,152,78,29,58,59,210,137
5375.jpg,341,427,29,1,0,342,427
2891.jpg,400,333,29,0,0,400,333
2810.jpg,475,287,29,0,0,475,287
2820.jpg,300,226,29,0,0,300,226
2866.jpg,190,112,29,0,14,190,126
9167.jpg,210,333,29,61,40,271,373
2862.jpg,438,248,29,20,22,458,270
2849.jpg,176,139,29,0,11,176,150
2844.jpg,440,403,29,0,131,440,534
2848.jpg,240,400,29,0,0,240,400
2832.jpg,244,146,29,35,127,279,273
15254.jpg,525,442,29,133,14,658,456
2890.jpg,400,311,29,0,14,400,325
6869.jpg,360,480,29,0,0,360,480
2884.jpg,748,562,29,52,0,800,562
2852.jpg,375,285,29,71,70,446,355
2845.jpg,198,86,29,0,59,198,145
2892.jpg,376,211,29,0,0,376,211
15775.jpg,584,327,29,16,71,600,398
2838.jpg,279,150,29,17,37,296,187
14542.jpg,591,777,29,0,11,591,788
2798.jpg,222,153,29,36,12,258,165
14085.jpg,536,442,29,64,16,600,458
2879.jpg,270,202,29,0,0,270,202
9225.jpg,197,371,29,82,28,279,399
2822.jpg,187,155,29,30,7,217,162
15575.jpg,240,260,29,240,30,480,290
2803.jpg,160,120,29,0,0,160,120
9250.jpg,222,198,29,42,60,264,258
2840.jpg,279,231,29,0,9,279,240
2847.jpg,500,325,29,0,25,500,350
2883.jpg,185,87,29,16,31,201,118
14543.jpg,800,600,29,0,0,800,600
2809.jpg,159,114,29,28,18,187,132
16661.jpg,459,327,29,46,6,505,333
9168.jpg,207,207,29,96,108,303,315
9198.jpg,309,321,29,18,54,327,375
2843.jpg,180,108,29,0,27,180,135
2799.jpg,92,63,29,81,63,173,126
15580.jpg,388,366,29,112,66,500,432
2805.jpg,257,238,29,110,137,367,375
14648.jpg,524,457,29,68,21,592,478
15249.jpg,149,127,29,144,87,293,214
2812.jpg,258,205,29,0,0,258,205
2854.jpg,212,133,29,10,17,222,150
2859.jpg,420,319,29,0,0,420,319
2828.jpg,219,110,29,0,32,219,142
2815.jpg,180,154,29,0,14,180,168
2819.jpg,300,207,29,0,7,300,214
16345.jpg,628,266,29,12,28,640,294
2875.jpg,197,138,29,52,43,249,181
2806.jpg,187,128,29,0,8,187,136
2830.jpg,211,143,29,0,15,211,158
2817.jpg,300,203,29,0,22,300,225
2842.jpg,222,142,29,33,0,255,142
15753.jpg,422,299,29,10,34,432,333
2851.jpg,500,375,29,0,0,500,375
2974.jpg,250,199,30,0,26,250,225
2913.jpg,203,131,30,17,9,220,140
2945.jpg,495,269,30,0,50,495,319
2910.jpg,173,179,30,0,15,173,194
2935.jpg,234,212,30,6,80,240,292
2940.jpg,281,244,30,31,11,312,255
2951.jpg,600,229,30,0,0,600,229
2967.jpg,250,200,30,0,0,250,200
2924.jpg,250,190,30,0,30,250,220
2988.jpg,230,230,30,0,0,230,230
2952.jpg,291,148,30,0,35,291,183
11424.jpg,402,339,30,33,21,435,360
2912.jpg,194,119,30,0,0,194,119
2942.jpg,269,169,30,0,0,269,169
2927.jpg,230,202,30,0,0,230,202
9346.jpg,427,213,30,48,36,475,249
2949.jpg,250,132,30,0,73,250,205
2976.jpg,354,346,30,22,47,376,393
2984.jpg,227,166,30,13,14,240,180
2918.jpg,250,171,30,0,0,250,171
13996.jpg,141,137,30,2,62,143,199
2939.jpg,300,213,30,0,30,300,243
2966.jpg,392,200,30,6,0,398,200
9252.jpg,465,360,30,0,0,465,360
2991.jpg,220,148,30,0,0,220,148
2903.jpg,450,235,30,48,0,498,235
2960.jpg,191,143,30,0,0,191,143
2896.jpg,168,173,30,15,2,183,175
2971.jpg,261,178,30,2,10,263,188
2978.jpg,240,180,30,0,0,240,180
2943.jpg,320,240,30,0,0,320,240
12082.jpg,270,210,30,253,50,523,260
2895.jpg,280,182,30,0,7,280,189
2928.jpg,620,360,30,0,19,620,379
2899.jpg,378,268,30,33,64,411,332
2911.jpg,220,172,30,0,0,220,172
2944.jpg,170,123,30,0,0,170,123
2923.jpg,250,165,30,0,85,250,250
15825.jpg,448,335,30,58,81,506,416
2947.jpg,186,126,30,0,0,186,126
2956.jpg,250,172,30,0,0,250,172
2933.jpg,180,166,30,0,5,180,171
2916.jpg,220,148,30,0,6,220,154
2902.jpg,340,249,30,0,141,340,390
2980.jpg,159,112,30,15,7,174,119
2972.jpg,165,127,30,0,93,165,220
15549.jpg,359,492,30,0,64,359,556
2946.jpg,186,126,30,0,0,186,126
2908.jpg,250,144,30,0,26,250,170
2914.jpg,220,158,30,0,13,220,171
2990.jpg,220,79,30,0,24,220,103
16723.jpg,533,336,30,2,29,535,365
13646.jpg,238,128,30,41,114,279,242
2907.jpg,178,129,30,4,5,182,134
2925.jpg,204,156,30,11,13,215,169
2977.jpg,284,209,30,14,27,298,236
2963.jpg,203,151,30,17,0,220,151
11173.jpg,432,210,30,37,46,469,256
2936.jpg,250,181,30,0,39,250,220
2958.jpg,203,162,30,23,16,226,178
2986.jpg,250,219,30,0,2,250,221
2938.jpg,230,230,30,0,0,230,230
10796.jpg,470,357,30,4,0,474,357
2920.jpg,196,147,30,0,0,196,147
2987.jpg,225,220,30,0,0,225,220
2932.jpg,579,233,30,14,0,593,233
2915.jpg,220,199,30,0,0,220,199
2931.jpg,163,136,30,11,4,174,140
2921.jpg,300,224,30,0,0,300,224
2962.jpg,529,272,30,51,80,580,352
2905.jpg,282,300,30,7,0,289,300
2909.jpg,230,185,30,0,27,230,212
2975.jpg,202,158,30,14,41,216,199
2897.jpg,268,137,30,37,54,305,191
2957.jpg,287,155,30,5,36,292,191
2965.jpg,230,221,30,0,5,230,226
2955.jpg,184,112,30,3,12,187,124
2917.jpg,220,130,30,0,0,220,130
2894.jpg,250,139,30,0,17,250,156
2989.jpg,174,153,30,22,4,196,157
2950.jpg,251,136,30,42,45,293,181
2898.jpg,250,190,30,0,10,250,200
11170.jpg,460,360,30,18,0,478,360
16438.jpg,473,478,30,4,51,477,529
2968.jpg,172,123,30,0,17,172,140
13645.jpg,346,202,30,37,62,383,264
2937.jpg,250,136,30,0,9,250,145
2904.jpg,196,141,30,8,1,204,142
2941.jpg,300,183,30,0,0,300,183
2900.jpg,250,130,30,0,20,250,150
16366.jpg,562,329,30,30,11,592,340
2998.jpg,254,216,31,49,64,303,280
15446.jpg,500,415,31,55,24,555,439
3087.jpg,512,325,31,0,37,512,362
3076.jpg,532,448,31,108,32,640,480
3003.jpg,358,198,31,27,48,385,246
12503.jpg,185,151,31,5,123,190,274
15820.jpg,389,361,31,183,87,572,448
3015.jpg,235,226,31,201,70,436,296
3037.jpg,204,166,31,208,135,412,301
3043.jpg,614,400,31,2,80,616,480
3056.jpg,274,242,31,198,120,472,362
15732.jpg,255,206,31,192,56,447,262
3088.jpg,538,360,31,28,67,566,427
3007.jpg,237,195,31,282,198,519,393
14080.jpg,320,324,31,361,241,681,565
3008.jpg,477,277,31,60,24,537,301
3012.jpg,373,262,31,237,136,610,398
3039.jpg,153,117,31,190,118,343,235
3030.jpg,216,170,31,18,74,234,244
3019.jpg,330,308,31,12,172,342,480
3005.jpg,253,147,31,241,166,494,313
3002.jpg,283,280,31,305,224,588,504
3078.jpg,238,260,31,79,17,317,277
3044.jpg,401,312,31,0,3,401,315
15803.jpg,269,262,31,162,10,431,272
3082.jpg,200,129,31,7,18,207,147
3036.jpg,297,218,31,30,10,327,228
3062.jpg,184,130,31,21,21,205,151
16669.jpg,266,246,31,212,11,478,257
11956.jpg,145,157,31,34,161,179,318
2999.jpg,140,112,31,444,100,584,212
2993.jpg,343,272,31,35,15,378,287
3080.jpg,288,202,31,10,14,298,216
11386.jpg,480,368,31,0,8,480,376
3017.jpg,381,354,31,0,122,381,476
3051.jpg,201,135,31,29,22,230,157
3089.jpg,171,171,31,309,30,480,201
3049.jpg,250,188,31,0,0,250,188
3034.jpg,132,90,31,34,0,166,90
3010.jpg,535,420,31,42,0,577,420
3057.jpg,119,92,31,26,18,145,110
13705.jpg,144,99,31,436,41,580,140
14108.jpg,344,302,31,0,0,344,302
3038.jpg,156,135,31,144,60,300,195
3081.jpg,535,436,31,226,103,761,539
3033.jpg,314,232,31,0,0,314,232
3006.jpg,254,220,31,75,184,329,404
3001.jpg,165,120,31,187,36,352,156
3029.jpg,218,210,31,262,150,480,360
3027.jpg,285,260,31,3,56,288,316
3050.jpg,640,436,31,0,4,640,440
3045.jpg,272,198,31,7,9,279,207
3085.jpg,144,135,31,153,15,297,150
3025.jpg,307,232,31,23,15,330,247
6936.jpg,280,267,31,0,103,280,370
3072.jpg,242,225,31,81,37,323,262
3022.jpg,236,167,31,34,29,270,196
3031.jpg,390,295,31,30,9,420,304
14152.jpg,252,208,31,216,4,468,212
3086.jpg,277,209,31,36,24,313,233
3060.jpg,218,199,31,109,53,327,252
14006.jpg,94,81,31,90,0,184,81
3046.jpg,330,247,31,0,0,330,247
13960.jpg,184,176,31,452,42,636,218
3061.jpg,151,222,31,418,86,569,308
3091.jpg,240,338,31,0,0,240,338
3052.jpg,216,163,31,166,12,382,175
3074.jpg,244,216,31,74,50,318,266
3021.jpg,348,249,31,0,0,348,249
3018.jpg,259,227,31,7,146,266,373
3065.jpg,346,250,31,77,45,423,295
3040.jpg,448,336,31,0,0,448,336
2997.jpg,517,374,31,88,6,605,380
2996.jpg,253,217,31,71,42,324,259
14021.jpg,302,276,31,43,235,345,511
14069.jpg,338,331,31,393,225,731,556
3035.jpg,294,198,31,22,18,316,216
3068.jpg,370,232,31,148,248,518,480
15930.jpg,322,343,31,265,107,587,450
3032.jpg,443,290,31,31,28,474,318
3077.jpg,211,162,31,48,19,259,181
3054.jpg,320,202,31,0,20,320,222
14086.jpg,446,335,31,340,168,786,503
3004.jpg,287,213,31,44,61,331,274
3011.jpg,737,398,31,46,32,783,430
3014.jpg,400,488,31,0,94,400,582
3069.jpg,372,313,31,36,24,408,337
3083.jpg,457,339,31,14,10,471,349
3059.jpg,279,141,31,61,58,340,199
2994.jpg,89,75,31,150,86,239,161
3041.jpg,154,196,31,0,124,154,320
3026.jpg,277,199,31,32,23,309,222
3070.jpg,306,226,31,14,14,320,240
3066.jpg,324,259,31,57,38,381,297
3009.jpg,186,182,31,0,138,186,320
3156.jpg,480,480,32,0,0,480,480
3099.jpg,167,134,32,27,52,194,186
3100.jpg,139,104,32,38,92,177,196
3125.jpg,160,109,32,0,11,160,120
3124.jpg,200,150,32,0,0,200,150
9240.jpg,407,292,32,7,27,414,319
10776.jpg,396,294,32,15,6,411,300
3160.jpg,371,293,32,95,82,466,375
3113.jpg,391,358,32,149,47,540,405
3152.jpg,194,121,32,19,37,213,158
3117.jpg,116,86,32,34,37,150,123
3138.jpg,418,298,32,165,15,583,313
14355.jpg,375,232,32,193,43,568,275
12138.jpg,134,183,32,161,51,295,234
3147.jpg,200,109,32,0,41,200,150
3169.jpg,411,301,32,15,0,426,301
3116.jpg,165,136,32,15,17,180,153
3129.jpg,125,113,32,76,55,201,168
15415.jpg,188,158,32,402,123,590,281
3163.jpg,707,301,32,43,120,750,421
3098.jpg,596,296,32,44,124,640,420
10908.jpg,360,470,32,0,10,360,480
3176.jpg,158,122,32,0,6,158,128
3126.jpg,468,400,32,0,80,468,480
13999.jpg,187,175,32,453,168,640,343
14309.jpg,252,293,32,198,116,450,409
3120.jpg,169,114,32,44,44,213,158
3181.jpg,505,408,32,280,162,785,570
3146.jpg,200,124,32,0,26,200,150
3110.jpg,240,214,32,0,12,240,226
3144.jpg,200,116,32,0,34,200,150
3188.jpg,188,112,32,36,76,224,188
3184.jpg,151,124,32,68,37,219,161
13692.jpg,305,343,32,243,68,548,411
15213.jpg,182,172,32,90,152,272,324
14375.jpg,337,312,32,128,68,465,380
3093.jpg,130,87,32,17,27,147,114
13319.jpg,204,92,32,2,188,206,280
3114.jpg,283,177,32,144,98,427,275
14910.jpg,152,210,32,324,158,476,368
15176.jpg,115,98,32,390,192,505,290
3173.jpg,413,319,32,0,0,413,319
14329.jpg,441,294,32,50,148,491,442
3139.jpg,183,141,32,7,7,190,148
3189.jpg,334,222,32,120,141,454,363
3192.jpg,267,163,32,0,24,267,187
3151.jpg,511,343,32,95,0,606,343
3094.jpg,475,267,32,97,125,572,392
11500.jpg,135,90,32,295,57,430,147
3177.jpg,367,301,32,33,18,400,319
3101.jpg,139,102,32,51,93,190,195
3122.jpg,200,165,32,0,35,200,200
3102.jpg,180,147,32,0,33,180,180
3112.jpg,245,253,32,201,102,446,355
3134.jpg,600,451,32,12,29,612,480
3172.jpg,226,210,32,25,211,251,421
3127.jpg,340,265,32,0,0,340,265
9134.jpg,312,387,32,48,30,360,417
3145.jpg,200,116,32,0,34,200,150
11425.jpg,282,324,32,114,3,396,327
3155.jpg,301,221,32,35,11,336,232
15134.jpg,130,131,32,135,134,265,265
3167.jpg,378,279,32,27,29,405,308
15658.jpg,132,87,32,158,67,290,154
3157.jpg,510,442,32,90,141,600,583
3190.jpg,521,377,32,48,77,569,454
15124.jpg,126,120,32,210,41,336,161
15124.jpg,180,168,32,410,106,590,274
3106.jpg,107,56,32,17,50,124,106
3103.jpg,522,411,32,278,164,800,575
3185.jpg,444,273,32,56,59,500,332
3097.jpg,524,336,32,52,64,576,400
3161.jpg,400,262,32,0,64,400,326
16062.jpg,117,87,32,373,88,490,175
3121.jpg,173,126,32,5,0,178,126
3130.jpg,236,219,32,66,92,302,311
3132.jpg,153,99,32,6,44,159,143
3141.jpg,200,132,32,0,18,200,150
3186.jpg,435,288,32,65,44,500,332
3140.jpg,499,427,32,0,0,499,427
3109.jpg,229,149,32,8,32,237,181
3105.jpg,108,87,32,0,18,108,105
3179.jpg,600,255,32,0,54,600,309
3136.jpg,447,292,32,93,128,540,420
3133.jpg,640,480,32,0,0,640,480
3104.jpg,435,365,32,51,11,486,376
3135.jpg,140,124,32,66,115,206,239
3128.jpg,231,187,32,0,0,231,187
14068.jpg,220,277,32,100,128,320,405
16164.jpg,149,112,32,156,146,305,258
3171.jpg,522,450,32,0,0,522,450
3107.jpg,160,128,32,67,35,227,163
3154.jpg,524,377,32,51,76,575,453
3131.jpg,600,523,32,0,0,600,523
3096.jpg,453,318,32,101,40,554,358
3149.jpg,400,203,32,0,64,400,267
3175.jpg,133,100,32,0,0,133,100
3165.jpg,262,204,32,56,113,318,317
3178.jpg,390,238,32,110,64,500,302
3164.jpg,367,284,32,83,46,450,330
3183.jpg,163,120,32,0,22,163,142
3209.jpg,444,392,33,160,40,604,432
13739.jpg,246,220,33,18,14,264,234
3231.jpg,320,240,33,0,0,320,240
3262.jpg,327,204,33,4,99,331,303
3222.jpg,800,600,33,0,0,800,600
3232.jpg,508,447,33,64,33,572,480
3208.jpg,216,180,33,404,125,620,305
3278.jpg,368,317,33,29,0,397,317
3288.jpg,460,317,33,0,28,460,345
3200.jpg,246,210,33,36,24,282,234
3203.jpg,332,273,33,0,97,332,370
3274.jpg,320,238,33,0,0,320,238
3252.jpg,306,261,33,86,64,392,325
3250.jpg,615,461,33,0,0,615,461
3198.jpg,316,194,33,4,0,320,194
3224.jpg,266,188,33,34,10,300,198
3273.jpg,576,457,33,64,0,640,457
3243.jpg,350,342,33,0,181,350,523
3258.jpg,280,323,33,360,61,640,384
3292.jpg,370,279,33,35,32,405,311
3276.jpg,366,278,33,0,0,366,278
3228.jpg,370,272,33,0,5,370,277
3279.jpg,149,123,33,309,39,458,162
3254.jpg,630,577,33,170,23,800,600
3226.jpg,113,70,33,115,32,228,102
3263.jpg,477,356,33,1,0,478,356
3199.jpg,640,293,33,0,84,640,377
3277.jpg,257,190,33,265,30,522,220
3194.jpg,400,395,33,240,85,640,480
3193.jpg,510,384,33,74,74,584,458
3248.jpg,422,337,33,34,77,456,414
3267.jpg,269,214,33,86,67,355,281
3211.jpg,186,202,33,0,192,186,394
3218.jpg,417,335,33,0,0,417,335
3289.jpg,256,189,33,57,36,313,225
3285.jpg,394,384,33,374,308,768,692
3291.jpg,592,321,33,36,96,628,417
3261.jpg,273,174,33,44,71,317,245
3286.jpg,432,480,33,0,58,432,538
3227.jpg,313,270,33,34,125,347,395
3256.jpg,480,241,33,74,20,554,261
3280.jpg,489,444,33,81,34,570,478
3268.jpg,420,330,33,0,0,420,330
3257.jpg,338,174,33,0,0,338,174
3253.jpg,320,184,33,0,14,320,198
3221.jpg,468,327,33,76,42,544,369
3213.jpg,401,327,33,79,21,480,348
3196.jpg,382,281,33,7,50,389,331
3207.jpg,199,138,33,109,162,308,300
3210.jpg,287,211,33,47,87,334,298
3234.jpg,200,190,33,0,130,200,320
3236.jpg,367,439,33,190,330,557,769
3269.jpg,300,240,33,0,0,300,240
3287.jpg,336,359,33,0,42,336,401
3225.jpg,420,287,33,0,28,420,315
3255.jpg,500,267,33,141,147,641,414
3206.jpg,238,156,33,348,54,586,210
3247.jpg,400,300,33,0,0,400,300
3219.jpg,488,374,33,12,0,500,374
3216.jpg,170,156,33,44,21,214,177
3202.jpg,286,254,33,128,34,414,288
3249.jpg,640,480,33,0,0,640,480
3205.jpg,280,242,33,57,7,337,249
3266.jpg,538,435,33,32,17,570,452
3260.jpg,355,283,33,95,54,450,337
3239.jpg,236,216,33,244,144,480,360
3235.jpg,599,449,33,161,79,760,528
3246.jpg,517,222,33,20,148,537,370
3214.jpg,640,447,33,0,33,640,480
3251.jpg,456,428,33,108,30,564,458
3244.jpg,314,266,33,6,0,320,266
3197.jpg,724,538,33,76,0,800,538
3223.jpg,450,337,33,0,0,450,337
3238.jpg,462,360,33,18,0,480,360
3229.jpg,404,353,33,180,104,584,457
3220.jpg,139,81,33,46,64,185,145
3271.jpg,445,393,33,186,108,631,501
3215.jpg,240,292,33,0,18,240,310
13276.jpg,200,156,33,324,44,524,200
3201.jpg,384,288,33,0,0,384,288
3195.jpg,188,133,33,250,3,438,136
3322.jpg,480,484,34,0,64,480,548
3329.jpg,588,411,34,12,39,600,450
3360.jpg,280,141,34,0,32,280,173
3390.jpg,541,372,34,0,33,541,405
3333.jpg,258,270,34,51,0,309,270
3363.jpg,188,153,34,58,0,246,153
3364.jpg,588,446,34,37,34,625,480
3378.jpg,600,450,34,0,0,600,450
3340.jpg,327,239,34,0,100,327,339
3324.jpg,482,427,34,86,49,568,476
3326.jpg,240,213,34,0,159,240,372
3369.jpg,320,232,34,0,8,320,240
3316.jpg,283,213,34,0,0,283,213
3348.jpg,184,189,34,15,51,199,240
3309.jpg,465,360,34,135,40,600,400
3318.jpg,750,499,34,0,0,750,499
3305.jpg,537,384,34,18,14,555,398
3345.jpg,285,214,34,0,0,285,214
3387.jpg,500,375,34,0,0,500,375
3382.jpg,492,386,34,60,40,552,426
3298.jpg,333,275,34,39,31,372,306
3350.jpg,440,277,34,20,58,460,335
3362.jpg,363,315,34,22,0,385,315
3341.jpg,234,179,34,228,69,462,248
3313.jpg,240,222,34,72,18,312,240
3302.jpg,417,315,34,33,5,450,320
3317.jpg,264,155,34,200,181,464,336
3310.jpg,204,145,34,0,0,204,145
3371.jpg,203,132,34,15,25,218,157
3315.jpg,614,451,34,0,0,614,451
3368.jpg,220,238,34,221,0,441,238
3325.jpg,525,584,34,0,116,525,700
3375.jpg,375,359,34,93,46,468,405
3312.jpg,348,291,34,22,0,370,291
3373.jpg,477,287,34,10,27,487,314
3304.jpg,583,457,34,3,0,586,457
3327.jpg,167,134,34,0,10,167,144
3357.jpg,390,357,34,72,25,462,382
3379.jpg,500,335,34,0,0,500,335
3308.jpg,226,161,34,264,166,490,327
3330.jpg,300,204,34,0,12,300,216
3338.jpg,627,406,34,153,127,780,533
3294.jpg,301,250,34,202,123,503,373
3320.jpg,450,338,34,0,0,450,338
3353.jpg,220,275,34,0,99,220,374
3356.jpg,344,292,34,56,8,400,300
3336.jpg,667,602,34,0,0,667,602
3388.jpg,400,345,34,0,0,400,345
3321.jpg,308,267,34,48,33,356,300
3303.jpg,597,413,34,3,37,600,450
3370.jpg,187,126,34,0,0,187,126
3295.jpg,544,408,34,0,0,544,408
3355.jpg,242,240,34,0,0,242,240
3391.jpg,500,362,34,0,13,500,375
3354.jpg,162,108,34,0,96,162,204
3334.jpg,382,270,34,55,6,437,276
3299.jpg,640,468,34,0,12,640,480
3307.jpg,400,278,34,0,0,400,278
7252.jpg,150,106,34,318,64,468,170
3331.jpg,159,95,34,241,0,400,95
3381.jpg,600,396,34,0,63,600,459
3358.jpg,232,167,34,0,38,232,205
3380.jpg,442,390,34,134,48,576,438
3301.jpg,432,292,34,120,23,552,315
3297.jpg,490,378,34,0,0,490,378
7178.jpg,123,116,34,197,96,320,212
3389.jpg,637,600,34,103,0,740,600
3296.jpg,444,226,34,9,61,453,287
3359.jpg,384,288,34,0,0,384,288
3293.jpg,465,350,34,0,0,465,350
3376.jpg,400,407,34,0,0,400,407
3300.jpg,479,399,34,0,0,479,399
3365.jpg,257,210,34,60,2,317,212
3323.jpg,379,276,34,0,0,379,276
3351.jpg,208,156,34,0,0,208,156
3337.jpg,615,480,34,25,0,640,480
3346.jpg,282,238,34,36,25,318,263
3328.jpg,173,94,34,5,57,178,151
3352.jpg,280,255,34,0,71,280,326
3311.jpg,400,300,34,0,0,400,300
3349.jpg,280,208,34,90,37,370,245
3486.jpg,118,114,35,27,2,145,116
3460.jpg,414,319,35,168,41,582,360
3477.jpg,400,250,35,0,28,400,278
3405.jpg,264,254,35,110,7,374,261
3476.jpg,404,245,35,26,0,430,245
3491.jpg,400,219,35,0,33,400,252
3417.jpg,425,281,35,313,126,738,407
3442.jpg,572,480,35,24,0,596,480
3451.jpg,544,266,35,159,69,703,335
14044.jpg,263,275,35,185,316,448,591
14044.jpg,183,153,35,65,93,248,246
3404.jpg,478,352,35,9,0,487,352
3456.jpg,468,480,35,0,0,468,480
3398.jpg,360,287,35,21,7,381,294
3421.jpg,800,557,35,0,17,800,574
3445.jpg,600,405,35,0,45,600,450
3465.jpg,403,218,35,237,86,640,304
3403.jpg,345,235,35,98,70,443,305
3436.jpg,410,278,35,148,80,558,358
3396.jpg,522,457,35,38,8,560,465
9078.jpg,312,223,35,0,84,312,307
3446.jpg,375,437,35,0,48,375,485
3437.jpg,456,339,35,40,20,496,359
3408.jpg,481,455,35,93,25,574,480
3414.jpg,564,480,35,0,0,564,480
3452.jpg,455,360,35,15,15,470,375
3418.jpg,448,257,35,14,224,462,481
3431.jpg,545,516,35,99,0,644,516
3423.jpg,212,198,35,0,0,212,198
3489.jpg,375,326,35,0,0,375,326
3458.jpg,367,340,35,433,0,800,340
14775.jpg,506,400,35,68,80,574,480
15830.jpg,231,257,35,32,193,263,450
3410.jpg,192,180,35,27,26,219,206
3407.jpg,419,371,35,73,16,492,387
3402.jpg,496,284,35,115,128,611,412
3467.jpg,383,306,35,53,92,436,398
3466.jpg,481,480,35,68,0,549,480
3488.jpg,400,247,35,0,0,400,247
3480.jpg,540,435,35,113,53,653,488
3427.jpg,571,431,35,21,17,592,448
3457.jpg,467,404,35,333,54,800,458
3471.jpg,564,402,35,0,21,564,423
3484.jpg,570,450,35,0,0,570,450
3440.jpg,464,600,35,227,0,691,600
3425.jpg,240,203,35,24,88,264,291
3397.jpg,510,339,35,7,42,517,381
3487.jpg,226,118,35,48,58,274,176
3428.jpg,670,525,35,0,0,670,525
16699.jpg,217,183,35,413,189,630,372
3449.jpg,406,320,35,3,12,409,332
11500.jpg,111,153,35,330,163,441,316
3415.jpg,324,268,35,144,79,468,347
3395.jpg,394,249,35,40,51,434,300
3394.jpg,300,212,35,178,116,478,328
3420.jpg,402,315,35,0,0,402,315
3438.jpg,233,270,35,0,73,233,343
3412.jpg,385,345,35,55,0,440,345
15941.jpg,172,150,35,373,52,545,202
3472.jpg,371,300,35,29,0,400,300
3463.jpg,562,348,35,28,96,590,444
3478.jpg,278,239,35,219,63,497,302
3433.jpg,450,311,35,0,17,450,328
3413.jpg,369,407,35,0,18,369,425
3475.jpg,232,223,35,106,26,338,249
3400.jpg,549,480,35,0,0,549,480
3399.jpg,252,264,35,16,4,268,268
3474.jpg,402,284,35,84,25,486,309
3443.jpg,233,334,35,0,16,233,350
3416.jpg,250,190,35,0,55,250,245
15503.jpg,272,287,35,25,145,297,432
3435.jpg,368,239,35,32,16,400,255
15911.jpg,180,147,35,391,151,571,298
9098.jpg,372,323,35,57,16,429,339
3441.jpg,380,336,35,40,0,420,336
3490.jpg,274,219,35,133,35,407,254
3462.jpg,588,299,35,46,82,634,381
15757.jpg,180,176,35,351,31,531,207
3424.jpg,186,173,35,74,47,260,220
14384.jpg,130,159,35,646,61,776,220
3468.jpg,320,298,35,0,22,320,320
3450.jpg,315,301,35,89,43,404,344
3409.jpg,621,467,35,0,13,621,480
3432.jpg,232,168,35,54,84,286,252
3444.jpg,640,438,35,0,12,640,450
15967.jpg,191,210,35,105,396,296,606
15354.jpg,288,329,35,277,137,565,466
3411.jpg,460,364,35,148,0,608,364
3439.jpg,134,122,35,154,118,288,240
3455.jpg,507,345,35,93,0,600,345
3447.jpg,497,392,35,156,104,653,496
16154.jpg,248,309,35,345,38,593,347
13772.jpg,261,208,36,316,147,577,355
15719.jpg,175,171,36,176,50,351,221
16670.jpg,162,137,36,10,28,172,165
3524.jpg,224,164,36,6,1,230,165
15662.jpg,157,119,36,203,12,360,131
12436.jpg,119,189,36,381,62,500,251
15809.jpg,245,244,36,21,198,266,442
11317.jpg,144,131,36,333,160,477,291
14527.jpg,237,205,36,103,158,340,363
84.jpg,284,259,36,356,185,640,444
15849.jpg,196,168,36,433,154,629,322
15113.jpg,192,186,36,300,84,492,270
5161.jpg,288,230,36,352,248,640,478
5161.jpg,170,48,36,154,0,324,48
15175.jpg,191,205,36,21,48,212,253
15419.jpg,174,176,36,123,5,297,181
3544.jpg,597,250,36,12,0,609,250
15907.jpg,201,190,36,342,142,543,332
16679.jpg,183,156,36,389,54,572,210
13732.jpg,214,117,36,4,137,218,254
15214.jpg,201,191,36,352,63,553,254
3543.jpg,268,233,36,35,14,303,247
15151.jpg,170,164,36,36,53,206,217
14723.jpg,129,125,36,184,109,313,234
16097.jpg,202,181,36,395,151,597,332
15870.jpg,248,281,36,352,41,600,322
15806.jpg,237,237,36,31,188,268,425
13840.jpg,307,295,36,186,0,493,295
14005.jpg,151,67,36,225,0,376,67
10910.jpg,102,139,36,258,2,360,141
14843.jpg,272,246,36,368,134,640,380
975.jpg,60,129,36,0,110,60,239
16262.jpg,233,243,36,363,140,596,383
15820.jpg,248,212,36,35,0,283,212
15376.jpg,249,218,36,348,43,597,261
14607.jpg,262,258,36,283,298,545,556
10617.jpg,366,328,36,42,0,408,328
3567.jpg,640,480,36,0,0,640,480
9116.jpg,392,292,36,43,39,435,331
10610.jpg,385,360,36,39,0,424,360
14902.jpg,210,182,36,226,197,436,379
14364.jpg,219,230,36,121,81,340,311
3568.jpg,230,165,36,0,0,230,165
13968.jpg,90,87,36,8,5,98,92
13754.jpg,176,219,36,460,133,636,352
14630.jpg,260,180,36,536,140,796,320
11534.jpg,155,137,36,325,0,480,137
62.jpg,252,95,36,198,2,450,97
15389.jpg,206,110,36,94,0,300,110
10648.jpg,357,427,36,0,42,357,469
15363.jpg,158,173,36,442,263,600,436
14352.jpg,257,188,36,271,220,528,408
3570.jpg,255,231,36,24,2,279,233
15850.jpg,232,215,36,25,231,257,446
11200.jpg,104,105,36,373,180,477,285
14062.jpg,230,200,36,518,58,748,258
16425.jpg,178,244,36,460,117,638,361
15741.jpg,171,157,36,402,31,573,188
15364.jpg,188,96,36,174,0,362,96
11326.jpg,128,108,36,22,33,150,141
3552.jpg,172,163,36,2,2,174,165
3545.jpg,220,190,36,0,24,220,214
13838.jpg,262,246,36,56,0,318,246
9210.jpg,294,294,36,25,75,319,369
9136.jpg,262,243,36,51,94,313,337
16590.jpg,135,115,36,47,125,182,240
3514.jpg,223,163,36,7,2,230,165
15.jpg,198,185,36,256,131,454,316
955.jpg,204,140,36,8,100,212,240
14291.jpg,245,232,36,495,4,740,236
15415.jpg,160,145,36,248,210,408,355
13702.jpg,136,126,36,328,163,464,289
16041.jpg,283,278,36,317,158,600,436
82.jpg,259,228,36,369,232,628,460
14080.jpg,195,173,36,296,40,491,213
15536.jpg,206,216,36,146,220,352,436
15735.jpg,230,241,36,3,67,233,308
12403.jpg,171,161,36,289,167,460,328
3496.jpg,465,274,36,62,106,527,380
3580.jpg,296,234,36,24,0,320,234
15366.jpg,169,192,36,631,341,800,533
15585.jpg,242,257,36,0,86,242,343
5491.jpg,148,103,36,243,69,391,172
13724.jpg,100,62,36,328,0,428,62
14877.jpg,232,240,36,536,259,768,499
3560.jpg,338,281,36,7,27,345,308
14603.jpg,281,278,36,10,263,291,541
14754.jpg,256,216,36,370,74,626,290
10637.jpg,399,339,36,45,10,444,349
3579.jpg,292,216,36,0,6,292,222
13704.jpg,242,163,36,88,221,330,384
12088.jpg,112,108,36,144,60,256,168
7046.jpg,252,236,36,348,158,600,394
14182.jpg,235,245,36,535,245,770,490
14615.jpg,300,288,36,196,0,496,288
15123.jpg,127,243,36,1,64,128,307
14287.jpg,222,224,36,491,254,713,478
4933.jpg,122,102,36,211,73,333,175
15969.jpg,184,140,36,28,4,212,144
14642.jpg,196,222,36,444,242,640,464
10584.jpg,360,480,36,0,0,360,480
14115.jpg,232,260,36,372,196,604,456
16705.jpg,172,120,36,204,66,376,186
9114.jpg,380,252,36,46,57,426,309
13379.jpg,152,93,36,348,24,500,117
14780.jpg,234,230,36,386,108,620,338
993.jpg,161,88,36,235,26,396,114
4930.jpg,214,130,36,410,0,624,130
6910.jpg,152,148,36,348,135,500,283
13246.jpg,154,214,36,486,266,640,480
3523.jpg,420,315,36,0,0,420,315
3520.jpg,345,272,36,3,3,348,275
10900.jpg,345,304,36,1,62,346,366
10912.jpg,315,273,36,9,99,324,372
5237.jpg,199,145,36,0,0,199,145
9302.jpg,423,344,36,36,10,459,354
15840.jpg,287,280,36,0,143,287,423
15832.jpg,181,170,36,250,275,431,445
10602.jpg,360,399,36,0,54,360,453
16019.jpg,235,208,36,353,0,588,208
15434.jpg,157,141,36,152,39,309,180
3558.jpg,266,222,36,36,30,302,252
14801.jpg,418,336,36,114,88,532,424
3549.jpg,232,233,36,0,32,232,265
13992.jpg,252,210,36,44,268,296,478
15289.jpg,252,259,36,0,82,252,341
15803.jpg,209,229,36,387,133,596,362
89.jpg,392,330,36,386,263,778,593
16630.jpg,239,226,36,8,205,247,431
15422.jpg,394,391,36,129,55,523,446
15041.jpg,181,89,36,82,0,263,89
3502.jpg,230,165,36,0,0,230,165
6977.jpg,150,177,36,245,58,395,235
12584.jpg,171,39,36,262,0,433,39
11650.jpg,132,171,36,348,145,480,316
12485.jpg,145,125,36,315,135,460,260
14388.jpg,152,156,36,482,240,634,396
11439.jpg,420,270,36,27,0,447,270
15144.jpg,197,228,36,360,218,557,446
15936.jpg,283,279,36,317,77,600,356
15221.jpg,242,290,36,16,67,258,357
14595.jpg,109,102,36,90,2,199,104
14513.jpg,269,205,36,531,115,800,320
15878.jpg,164,136,36,436,39,600,175
16669.jpg,167,155,36,383,212,550,367
990.jpg,122,128,36,678,0,800,128
14.jpg,252,243,36,264,314,516,557
13857.jpg,101,91,36,178,69,279,160
15744.jpg,357,334,36,140,3,497,337
3573.jpg,160,144,36,13,3,173,147
14495.jpg,126,141,36,148,438,274,579
14495.jpg,82,93,36,264,4,346,97
3559.jpg,313,283,36,16,13,329,296
3566.jpg,286,258,36,31,11,317,269
14699.jpg,206,166,36,104,46,310,212
15666.jpg,239,254,36,358,107,597,361
3575.jpg,230,171,36,0,28,230,199
14609.jpg,314,286,36,436,25,750,311
14881.jpg,166,156,36,440,324,606,480
11135.jpg,402,289,36,39,27,441,316
4300.jpg,105,123,36,2,109,107,232
13468.jpg,176,176,36,332,171,508,347
15293.jpg,210,224,36,422,224,632,448
10684.jpg,359,280,36,49,39,408,319
3531.jpg,170,141,36,50,10,220,151
3540.jpg,213,192,36,22,33,235,225
15346.jpg,205,165,36,258,195,463,360
11617.jpg,140,117,36,295,21,435,138
14698.jpg,140,118,36,212,94,352,212
15526.jpg,270,291,36,0,115,270,406
9342.jpg,411,316,36,42,15,453,331
413.jpg,52,103,36,157,7,209,110
13903.jpg,92,95,36,228,88,320,183
3577.jpg,429,332,36,43,43,472,375
3509.jpg,230,165,36,0,0,230,165
15404.jpg,257,219,36,0,90,257,309
13782.jpg,186,185,36,308,168,494,353
14764.jpg,207,198,36,118,108,325,306
13751.jpg,166,136,36,474,232,640,368
12371.jpg,174,130,36,0,40,174,170
12577.jpg,169,144,36,131,14,300,158
15391.jpg,249,229,36,351,99,600,328
11590.jpg,131,135,36,346,63,477,198
13233.jpg,159,62,36,100,178,259,240
3497.jpg,438,330,36,39,9,477,339
15154.jpg,184,148,36,456,212,640,360
3542.jpg,495,496,36,1,0,496,496
3511.jpg,250,167,36,0,2,250,169
15038.jpg,245,204,36,384,34,629,238
15393.jpg,193,177,36,407,198,600,375
7054.jpg,265,265,36,535,246,800,511
14668.jpg,240,126,36,186,67,426,193
16556.jpg,202,173,36,358,223,560,396
15617.jpg,247,248,36,318,143,565,391
13708.jpg,218,200,36,372,240,590,440
15360.jpg,174,183,36,0,48,174,231
3576.jpg,298,255,36,16,8,314,263
14372.jpg,344,315,36,451,273,795,588
13774.jpg,188,136,36,208,0,396,136
11064.jpg,168,164,36,312,154,480,318
14810.jpg,192,156,36,32,52,224,208
12566.jpg,151,132,36,168,35,319,167
14087.jpg,170,103,36,216,93,386,196
30.jpg,168,111,36,275,10,443,121
15259.jpg,125,109,36,372,30,497,139
15695.jpg,196,178,36,402,129,598,307
13747.jpg,166,110,36,474,8,640,118
12385.jpg,120,180,36,331,90,451,270
14886.jpg,176,172,36,464,147,640,319
13755.jpg,112,160,36,528,164,640,324
13736.jpg,152,106,36,12,46,164,152
13764.jpg,180,92,36,236,0,416,92
16253.jpg,199,157,36,363,176,562,333
72.jpg,300,247,36,498,236,798,483
9055.jpg,480,585,36,0,32,480,617
14759.jpg,243,248,36,380,280,623,528
13705.jpg,198,202,36,402,166,600,368
3530.jpg,220,189,36,0,31,220,220
11874.jpg,105,143,36,346,87,451,230
913.jpg,181,149,36,0,63,181,212
12419.jpg,190,187,36,270,43,460,230
15921.jpg,123,109,36,103,27,226,136
10902.jpg,357,345,36,3,43,360,388
15848.jpg,224,151,36,161,0,385,151
3581.jpg,240,284,36,0,0,240,284
4609.jpg,214,75,36,172,0,386,75
16000.jpg,195,166,36,405,6,600,172
4955.jpg,81,78,36,99,153,180,231
15176.jpg,175,147,36,242,0,417,147
3564.jpg,183,147,36,13,0,196,147
15954.jpg,204,198,36,396,133,600,331
15447.jpg,245,197,36,60,27,305,224
3503.jpg,226,165,36,4,0,230,165
15589.jpg,224,224,36,213,8,437,232
901.jpg,100,78,36,198,43,298,121
13763.jpg,172,236,36,468,208,640,444
15593.jpg,266,282,36,1,135,267,417
14350.jpg,238,217,36,560,176,798,393
33.jpg,110,96,36,315,50,425,146
16050.jpg,192,145,36,393,80,585,225
16614.jpg,179,152,36,358,41,537,193
14526.jpg,190,222,36,610,291,800,513
15876.jpg,257,261,36,23,116,280,377
10741.jpg,354,345,36,0,34,354,379
912.jpg,90,100,36,190,39,280,139
10644.jpg,465,345,36,6,0,471,345
14839.jpg,244,145,36,81,1,325,146
15559.jpg,243,242,36,63,208,306,450
12470.jpg,277,259,36,523,146,800,405
13734.jpg,140,108,36,18,120,158,228
4934.jpg,82,97,36,231,92,313,189
31.jpg,147,92,36,233,185,380,277
15712.jpg,209,212,36,346,168,555,380
14289.jpg,234,197,36,276,0,510,197
13695.jpg,188,202,36,515,338,703,540
3584.jpg,205,301,36,57,63,262,364
14896.jpg,218,189,36,535,246,753,435
14817.jpg,217,240,36,383,480,600,720
15691.jpg,220,214,36,350,207,570,421
14636.jpg,252,260,36,384,220,636,480
13273.jpg,74,47,36,188,139,262,186
13985.jpg,280,213,36,496,197,776,410
9291.jpg,358,315,36,63,39,421,354
13723.jpg,158,117,36,314,107,472,224
14835.jpg,194,180,36,376,282,570,462
15933.jpg,250,250,36,340,165,590,415
11577.jpg,114,114,36,312,6,426,120
12448.jpg,339,397,36,461,168,800,565
15149.jpg,162,146,36,256,86,418,232
486.jpg,121,84,36,276,22,397,106
14425.jpg,88,71,36,170,13,258,84
3510.jpg,380,285,36,0,0,380,285
15781.jpg,190,152,36,383,0,573,152
16615.jpg,168,168,36,428,170,596,338
14813.jpg,208,208,36,0,246,208,454
11193.jpg,353,279,36,76,45,429,324
3535.jpg,400,325,36,0,0,400,325
9208.jpg,270,257,36,33,109,303,366
14666.jpg,306,258,36,330,194,636,452
15411.jpg,251,231,36,313,112,564,343
9215.jpg,285,290,36,33,97,318,387
15734.jpg,252,238,36,348,77,600,315
14907.jpg,218,138,36,242,66,460,204
12556.jpg,204,160,36,436,20,640,180
10844.jpg,358,462,36,0,18,358,480
15300.jpg,201,167,36,47,28,248,195
14015.jpg,237,211,36,563,260,800,471
13164.jpg,163,113,36,95,0,258,113
15895.jpg,254,232,36,338,191,592,423
13969.jpg,176,124,36,332,12,508,136
16283.jpg,225,222,36,341,201,566,423
14576.jpg,185,160,36,288,323,473,483
99.jpg,316,274,36,310,174,626,448
4973.jpg,176,319,36,461,57,637,376
13958.jpg,154,144,36,192,204,346,348
15216.jpg,372,350,36,416,218,788,568
13948.jpg,82,76,36,130,21,212,97
15804.jpg,187,187,36,0,150,187,337
16689.jpg,229,211,36,404,213,633,424
14051.jpg,315,320,36,463,280,778,600
3582.jpg,248,214,36,50,4,298,218
956.jpg,61,68,36,0,1,61,69
13462.jpg,60,57,36,140,69,200,126
14850.jpg,214,216,36,426,36,640,252
3546.jpg,311,252,36,33,36,344,288
16603.jpg,226,234,36,7,198,233,432
14152.jpg,202,234,36,410,222,612,456
14124.jpg,232,232,36,408,248,640,480
12496.jpg,115,122,36,285,124,400,246
15352.jpg,188,133,36,176,3,364,136
3556.jpg,274,220,36,44,6,318,226
10992.jpg,386,264,36,67,40,453,304
14379.jpg,279,148,36,116,0,395,148
15893.jpg,278,235,36,310,61,588,296
3541.jpg,172,126,36,22,66,194,192
13776.jpg,190,190,36,188,167,378,357
13888.jpg,151,167,36,169,56,320,223
15380.jpg,261,219,36,339,42,600,261
16082.jpg,240,265,36,301,150,541,415
3516.jpg,178,156,36,23,0,201,156
13978.jpg,186,180,36,200,78,386,258
3590.jpg,306,236,36,0,0,306,236
5207.jpg,131,89,36,34,26,165,115
15112.jpg,244,245,36,416,286,660,531
4953.jpg,86,133,36,0,98,86,231
13872.jpg,138,150,36,2,52,140,202
9045.jpg,362,306,36,76,156,438,462
14420.jpg,130,128,36,184,104,314,232
14758.jpg,320,234,36,413,208,733,442
11202.jpg,378,318,36,33,15,411,333
14002.jpg,234,196,36,344,284,578,480
3589.jpg,240,320,36,0,0,240,320
13960.jpg,188,210,36,452,258,640,468
3538.jpg,400,300,36,0,0,400,300
15362.jpg,213,207,36,278,150,491,357
5021.jpg,189,104,36,222,152,411,256
3508.jpg,346,296,36,5,0,351,296
15418.jpg,184,123,36,314,0,498,123
12653.jpg,153,105,36,0,105,153,210
14094.jpg,242,195,36,481,193,723,388
9073.jpg,350,267,36,10,117,360,384
16015.jpg,148,102,36,180,14,328,116
910.jpg,34,69,36,204,27,238,96
3506.jpg,224,165,36,2,0,226,165
9339.jpg,372,297,36,43,12,415,309
22.jpg,174,43,36,3,273,177,316
10739.jpg,321,296,36,18,85,339,381
15521.jpg,255,242,36,68,203,323,445
15301.jpg,172,186,36,448,96,620,282
3555.jpg,284,231,36,28,23,312,254
15506.jpg,136,149,36,124,110,260,259
979.jpg,110,127,36,290,0,400,127
3569.jpg,206,191,36,5,23,211,214
455.jpg,122,71,36,118,0,240,71
14012.jpg,230,210,36,570,280,800,490
14235.jpg,88,70,36,10,27,98,97
14805.jpg,132,232,36,465,28,597,260
953.jpg,55,103,36,155,53,210,156
10719.jpg,343,347,36,12,55,355,402
14644.jpg,174,152,36,346,0,520,152
14885.jpg,235,233,36,545,250,780,483
14003.jpg,132,111,36,488,0,620,111
15408.jpg,270,309,36,0,94,270,403
14651.jpg,250,198,36,54,282,304,480
14878.jpg,222,216,36,418,224,640,440
15403.jpg,177,176,36,67,26,244,202
12632.jpg,201,421,36,595,2,796,423
10570.jpg,360,342,36,0,81,360,423
15507.jpg,145,192,36,231,117,376,309
5518.jpg,131,76,36,23,0,154,76
13815.jpg,293,303,36,0,250,293,553
13182.jpg,116,124,36,204,111,320,235
14477.jpg,303,364,36,480,81,783,445
15897.jpg,264,241,36,336,120,600,361
3527.jpg,178,218,36,22,12,200,230
10631.jpg,441,340,36,39,0,480,340
10746.jpg,355,338,36,0,61,355,399
13700.jpg,193,187,36,4,1,197,188
13748.jpg,128,184,36,508,192,636,376
14728.jpg,81,80,36,170,7,251,87
995.jpg,174,115,36,283,43,457,158
9103.jpg,376,249,36,72,54,448,303
16708.jpg,174,170,36,460,191,634,361
14571.jpg,109,98,36,193,60,302,158
14206.jpg,290,295,36,350,185,640,480
4938.jpg,104,128,36,193,177,297,305
13646.jpg,174,167,36,594,154,768,321
13781.jpg,172,104,36,88,0,260,104
3587.jpg,297,248,36,33,0,330,248
15416.jpg,259,247,36,8,144,267,391
12421.jpg,209,212,36,281,150,490,362
14989.jpg,190,182,36,54,56,244,238
11124.jpg,362,336,36,79,21,441,357
11092.jpg,411,337,36,9,9,420,346
14302.jpg,288,265,36,43,109,331,374
14308.jpg,208,140,36,580,160,788,300
14822.jpg,192,114,36,132,80,324,194
11137.jpg,363,272,36,54,22,417,294
15555.jpg,196,188,36,62,187,258,375
13806.jpg,121,158,36,118,0,239,158
10949.jpg,305,262,36,13,105,318,367
11197.jpg,107,102,36,16,30,123,132
4936.jpg,136,97,36,165,0,301,97
3515.jpg,230,163,36,0,2,230,165
14403.jpg,183,180,36,375,25,558,205
12456.jpg,105,167,36,393,78,498,245
14826.jpg,200,179,36,353,54,553,233
13728.jpg,150,82,36,154,7,304,89
3493.jpg,180,135,36,0,0,180,135
925.jpg,63,57,36,147,28,210,85
15943.jpg,166,159,36,30,28,196,187
15215.jpg,220,248,36,377,60,597,308
11597.jpg,125,114,36,46,45,171,159
91.jpg,317,253,36,463,260,780,513
10903.jpg,360,386,36,0,48,360,434
13236.jpg,103,90,36,213,8,316,98
9188.jpg,315,329,36,3,67,318,396
15218.jpg,270,229,36,324,78,594,307
3499.jpg,161,133,36,13,10,174,143
4606.jpg,181,160,36,0,124,181,284
16061.jpg,149,133,36,381,5,530,138
15615.jpg,196,245,36,0,133,196,378
14899.jpg,178,143,36,170,24,348,167
14263.jpg,90,60,36,230,98,320,158
14445.jpg,162,220,36,0,241,162,461
3495.jpg,416,378,36,130,27,546,405
13988.jpg,197,118,36,388,108,585,226
13726.jpg,110,61,36,388,14,498,75
14584.jpg,232,247,36,126,71,358,318
28.jpg,138,88,36,337,145,475,233
14264.jpg,141,106,36,161,54,302,160
16062.jpg,192,221,36,340,222,532,443
15603.jpg,221,264,36,0,92,221,356
10641.jpg,432,345,36,36,0,468,345
10573.jpg,342,285,36,18,66,360,351
11116.jpg,377,285,36,40,24,417,309
3554.jpg,640,480,36,0,0,640,480
15930.jpg,264,169,36,131,3,395,172
942.jpg,66,45,36,153,7,219,52
921.jpg,72,63,36,138,55,210,118
14596.jpg,71,84,36,137,20,208,104
15756.jpg,311,270,36,276,180,587,450
9152.jpg,273,219,36,97,84,370,303
15571.jpg,224,217,36,0,148,224,365
15663.jpg,240,241,36,17,86,257,327
477.jpg,79,42,36,32,0,111,42
15375.jpg,174,165,36,42,69,216,234
15851.jpg,159,123,36,336,11,495,134
14503.jpg,216,250,36,264,202,480,452
3561.jpg,136,122,36,14,10,150,132
13779.jpg,184,158,36,424,178,608,336
14451.jpg,264,309,36,336,304,600,613
13995.jpg,146,150,36,484,308,630,458
3571.jpg,372,336,36,78,23,450,359
16601.jpg,262,240,36,6,113,268,353
13827.jpg,265,260,36,465,41,730,301
15413.jpg,265,232,36,327,124,592,356
11101.jpg,345,289,36,70,39,415,328
13784.jpg,223,204,36,548,132,771,336
14093.jpg,230,160,36,526,221,756,381
10956.jpg,308,276,36,76,33,384,309
3539.jpg,194,166,36,9,2,203,168
15844.jpg,219,221,36,372,25,591,246
3536.jpg,240,190,36,31,12,271,202
15524.jpg,242,244,36,176,203,418,447
3588.jpg,200,200,36,0,0,200,200
9299.jpg,378,310,36,42,30,420,340
25.jpg,205,119,36,364,194,569,313
15702.jpg,253,286,36,22,85,275,371
494.jpg,78,70,36,0,3,78,73
14762.jpg,249,219,36,551,181,800,400
14304.jpg,287,270,36,476,70,763,340
13733.jpg,104,71,36,520,25,624,96
13701.jpg,120,90,36,380,25,500,115
14384.jpg,143,95,36,233,50,376,145
13898.jpg,76,72,36,96,168,172,240
14071.jpg,224,200,36,521,291,745,491
11557.jpg,344,406,36,7,57,351,463
15872.jpg,264,275,36,336,57,600,332
3513.jpg,230,165,36,0,0,230,165
9298.jpg,339,292,36,73,33,412,325
13859.jpg,260,254,36,320,208,580,462
16706.jpg,174,154,36,356,30,530,184
479.jpg,89,28,36,0,0,89,28
965.jpg,67,51,36,140,28,207,79
13983.jpg,94,95,36,160,123,254,218
13757.jpg,212,246,36,428,206,640,452
11615.jpg,108,102,36,90,33,198,135
14876.jpg,214,212,36,390,68,604,280
13331.jpg,153,153,36,0,150,153,303
14887.jpg,176,173,36,437,15,613,188
16255.jpg,148,125,36,57,31,205,156
15973.jpg,156,159,36,437,165,593,324
38.jpg,148,79,36,21,222,169,301
13745.jpg,110,70,36,380,7,490,77
12618.jpg,153,74,36,147,43,300,117
61.jpg,162,120,36,263,101,425,221
14763.jpg,162,201,36,506,230,668,431
12422.jpg,219,232,36,281,73,500,305
15747.jpg,235,218,36,48,2,283,220
13735.jpg,156,114,36,344,28,500,142
11774.jpg,326,142,36,172,233,498,375
14755.jpg,570,432,36,30,36,600,468
15368.jpg,160,160,36,92,190,252,350
11062.jpg,357,283,36,69,30,426,313
14505.jpg,242,228,36,274,228,516,456
14082.jpg,184,166,36,94,62,278,228
14787.jpg,144,130,36,292,24,436,154
15685.jpg,240,225,36,33,221,273,446
13677.jpg,397,340,36,201,101,598,441
3562.jpg,303,272,36,19,11,322,283
3522.jpg,226,168,36,19,0,245,168
13414.jpg,111,129,36,289,130,400,259
14240.jpg,90,76,36,187,84,277,160
3578.jpg,298,230,36,22,0,320,230
15479.jpg,176,183,36,381,261,557,444
3498.jpg,168,127,36,18,5,186,132
14076.jpg,219,232,36,491,368,710,600
14853.jpg,208,112,36,60,82,268,194
12440.jpg,180,130,36,270,123,450,253
11161.jpg,139,108,36,144,30,283,138
14583.jpg,545,696,36,33,57,578,753
13383.jpg,132,105,36,117,151,249,256
87.jpg,272,264,36,328,204,600,468
15946.jpg,203,168,36,352,168,555,336
12380.jpg,102,146,36,398,126,500,272
14619.jpg,248,266,36,256,204,504,470
14353.jpg,367,290,36,423,296,790,586
15704.jpg,244,222,36,341,51,585,273
15833.jpg,214,205,36,356,245,570,450
14306.jpg,268,248,36,373,13,641,261
10896.jpg,339,303,36,7,97,346,400
9358.jpg,360,366,36,0,51,360,417
15621.jpg,195,194,36,311,233,506,427
3494.jpg,162,167,36,12,27,174,194
9107.jpg,338,273,36,67,30,405,303
15414.jpg,214,158,36,114,0,328,158
14249.jpg,115,88,36,116,68,231,156
3529.jpg,278,258,36,6,20,284,278
15812.jpg,201,177,36,0,10,201,187
16641.jpg,168,131,36,330,40,498,171
3553.jpg,196,147,36,0,0,196,147
4331.jpg,147,143,36,276,147,423,290
15286.jpg,173,127,36,48,7,221,134
11689.jpg,230,199,36,0,41,230,240
15665.jpg,234,228,36,21,137,255,365
13746.jpg,192,128,36,448,192,640,320
13690.jpg,176,165,36,550,35,726,200
3586.jpg,200,200,36,0,0,200,200
9042.jpg,442,371,36,22,153,464,524
15845.jpg,235,264,36,335,127,570,391
3501.jpg,165,128,36,18,4,183,132
14565.jpg,73,68,36,222,26,295,94
3547.jpg,259,260,36,38,23,297,283
13997.jpg,155,160,36,298,214,453,374
11576.jpg,186,192,36,286,150,472,342
12625.jpg,123,96,36,56,165,179,261
11694.jpg,183,168,36,60,28,243,196
11100.jpg,351,315,36,54,24,405,339
12409.jpg,213,161,36,287,161,500,322
16170.jpg,210,180,36,258,33,468,213
15542.jpg,201,173,36,352,188,553,361
490.jpg,130,165,36,188,75,318,240
15085.jpg,125,227,36,443,0,568,227
15989.jpg,213,169,36,368,108,581,277
15767.jpg,237,224,36,10,127,247,351
13276.jpg,236,99,36,260,377,496,476
15246.jpg,174,167,36,32,0,206,167
13756.jpg,235,205,36,402,75,637,280
3517.jpg,240,181,36,0,0,240,181
16557.jpg,180,152,36,357,13,537,165
14203.jpg,240,208,36,372,272,612,480
15303.jpg,267,209,36,3,151,270,360
15817.jpg,226,176,36,31,0,257,176
12464.jpg,135,134,36,316,62,451,196
15173.jpg,280,266,36,324,208,604,474
12547.jpg,198,148,36,202,71,400,219
14663.jpg,238,216,36,374,264,612,480
11158.jpg,390,298,36,42,27,432,325
15373.jpg,165,150,36,435,171,600,321
11180.jpg,138,142,36,342,183,480,325
16060.jpg,165,163,36,67,32,232,195
15428.jpg,132,135,36,210,21,342,156
14768.jpg,250,215,36,550,157,800,372
3676.jpg,153,102,37,0,48,153,150
16429.jpg,327,352,37,5,57,332,409
11018.jpg,405,320,37,36,22,441,342
3647.jpg,238,230,37,2,0,240,230
3633.jpg,250,169,37,0,0,250,169
15925.jpg,179,123,37,133,0,312,123
3602.jpg,160,123,37,27,0,187,123
3610.jpg,170,126,37,7,9,177,135
14724.jpg,106,94,37,184,11,290,105
3668.jpg,250,194,37,0,7,250,201
11004.jpg,392,307,37,43,27,435,334
3601.jpg,482,498,37,55,54,537,552
3616.jpg,211,115,37,15,32,226,147
16737.jpg,428,317,37,14,4,442,321
3604.jpg,274,217,37,0,0,274,217
3687.jpg,200,150,37,0,6,200,156
3607.jpg,174,140,37,3,5,177,145
3643.jpg,304,262,37,39,0,343,262
3623.jpg,310,384,37,0,25,310,409
3629.jpg,250,174,37,0,0,250,174
3651.jpg,292,203,37,17,9,309,212
3639.jpg,199,166,37,20,0,219,166
3691.jpg,294,262,37,46,0,340,262
3606.jpg,200,166,37,7,0,207,166
3673.jpg,170,90,37,11,0,181,90
3662.jpg,254,215,37,44,6,298,221
16758.jpg,476,401,37,56,16,532,417
3641.jpg,472,287,37,28,0,500,287
3626.jpg,237,225,37,43,0,280,225
3648.jpg,301,262,37,44,0,345,262
9344.jpg,452,333,37,25,12,477,345
3605.jpg,260,234,37,0,6,260,240
3649.jpg,278,203,37,0,5,278,208
11975.jpg,168,111,37,232,0,400,111
3627.jpg,264,236,37,15,8,279,244
3674.jpg,161,92,37,25,15,186,107
3620.jpg,264,228,37,116,40,380,268
3599.jpg,245,192,37,0,18,245,210
3597.jpg,176,116,37,9,13,185,129
3644.jpg,230,165,37,0,0,230,165
3622.jpg,266,122,37,34,53,300,175
3646.jpg,318,283,37,82,17,400,300
11175.jpg,463,343,37,15,0,478,343
3660.jpg,592,484,37,0,0,592,484
3653.jpg,141,115,37,22,9,163,124
3593.jpg,200,109,37,38,45,238,154
3665.jpg,252,128,37,20,0,272,128
3686.jpg,490,444,37,140,29,630,473
3659.jpg,192,93,37,8,107,200,200
3667.jpg,129,96,37,23,1,152,97
3619.jpg,217,144,37,0,0,217,144
3615.jpg,373,320,37,0,18,373,338
15869.jpg,275,258,37,325,78,600,336
3680.jpg,240,282,37,0,38,240,320
3654.jpg,127,101,37,21,20,148,121
3645.jpg,296,262,37,42,0,338,262
3678.jpg,160,129,37,42,1,202,130
3634.jpg,137,121,37,55,22,192,143
3690.jpg,470,321,37,12,130,482,451
3614.jpg,196,123,37,0,24,196,147
14421.jpg,112,98,37,182,12,294,110
3613.jpg,196,144,37,27,7,223,151
3630.jpg,169,175,37,0,25,169,200
3637.jpg,320,240,37,0,0,320,240
3670.jpg,197,167,37,13,11,210,178
3638.jpg,226,198,37,38,10,264,208
3685.jpg,300,262,37,44,0,344,262
3677.jpg,572,509,37,16,9,588,518
3611.jpg,223,164,37,1,1,224,165
3688.jpg,295,230,37,0,0,295,230
3625.jpg,196,119,37,0,18,196,137
3594.jpg,227,200,37,3,0,230,200
3657.jpg,328,215,37,54,15,382,230
3640.jpg,211,186,37,23,5,234,191
3652.jpg,180,188,37,0,16,180,204
3618.jpg,219,145,37,1,1,220,146
3609.jpg,423,249,37,0,51,423,300
3642.jpg,304,262,37,39,0,343,262
9084.jpg,303,228,37,84,75,387,303
3664.jpg,300,262,37,43,0,343,262
3635.jpg,174,141,37,6,27,180,168
3669.jpg,154,159,37,42,35,196,194
3679.jpg,144,67,37,56,133,200,200
3617.jpg,188,223,37,0,0,188,223
3658.jpg,183,89,37,17,111,200,200
3598.jpg,175,137,37,24,29,199,166
3689.jpg,502,450,37,128,23,630,473
3596.jpg,248,146,37,7,14,255,160
3612.jpg,371,290,37,1,1,372,291
3600.jpg,154,151,37,43,29,197,180
6947.jpg,432,412,38,168,113,600,525
3754.jpg,266,158,38,16,91,282,249
3789.jpg,236,159,38,167,102,403,261
14378.jpg,86,82,38,515,333,601,415
3747.jpg,448,345,38,0,46,448,391
3776.jpg,600,471,38,0,54,600,525
3741.jpg,130,111,38,162,6,292,117
3711.jpg,185,134,38,52,21,237,155
3734.jpg,158,207,38,197,141,355,348
3792.jpg,339,255,38,1,60,340,315
3725.jpg,478,328,38,18,15,496,343
3694.jpg,144,274,38,496,156,640,430
3693.jpg,60,35,38,0,97,60,132
3722.jpg,136,170,38,207,32,343,202
3738.jpg,165,191,38,52,301,217,492
3744.jpg,404,267,38,0,33,404,300
3752.jpg,360,189,38,86,191,446,380
3745.jpg,261,222,38,12,78,273,300
3713.jpg,190,168,38,13,150,203,318
3715.jpg,600,450,38,0,0,600,450
3726.jpg,111,116,38,189,109,300,225
3700.jpg,391,256,38,46,62,437,318
13703.jpg,96,108,38,328,215,424,323
3749.jpg,178,214,38,396,266,574,480
6963.jpg,95,106,38,183,52,278,158
3739.jpg,127,154,38,66,246,193,400
3729.jpg,199,193,38,141,77,340,270
15088.jpg,484,351,38,63,48,547,399
3774.jpg,521,391,38,255,86,776,477
14501.jpg,464,474,38,16,99,480,573
3697.jpg,93,60,38,63,115,156,175
3740.jpg,378,339,38,117,36,495,375
15848.jpg,342,288,38,31,162,373,450
3757.jpg,241,215,38,175,45,416,260
14573.jpg,118,110,38,0,82,118,192
3699.jpg,100,128,38,40,192,140,320
3702.jpg,168,137,38,297,28,465,165
3717.jpg,522,274,38,38,136,560,410
16615.jpg,162,64,38,315,111,477,175
3748.jpg,450,329,38,0,192,450,521
3785.jpg,294,220,38,0,0,294,220
3696.jpg,96,92,38,130,202,226,294
3742.jpg,86,69,38,158,29,244,98
3709.jpg,143,159,38,155,461,298,620
14576.jpg,144,147,38,304,97,448,244
7145.jpg,161,169,38,248,203,409,372
3778.jpg,300,210,38,0,54,300,264
7056.jpg,226,192,38,184,44,410,236
3767.jpg,93,138,38,106,109,199,247
3780.jpg,429,342,38,28,73,457,415
3758.jpg,140,118,38,178,113,318,231
3753.jpg,240,155,38,0,194,240,349
3733.jpg,147,190,38,3,185,150,375
3769.jpg,77,73,38,116,40,193,113
3759.jpg,499,248,38,37,108,536,356
3768.jpg,640,263,38,0,185,640,448
3707.jpg,39,69,38,111,10,150,79
3760.jpg,86,151,38,174,75,260,226
14931.jpg,217,280,38,183,380,400,660
3782.jpg,516,451,38,39,45,555,496
3698.jpg,159,163,38,401,34,560,197
3746.jpg,356,271,38,186,61,542,332
3784.jpg,485,234,38,0,92,485,326
3719.jpg,39,70,38,63,62,102,132
3714.jpg,524,388,38,116,92,640,480
3723.jpg,90,106,38,85,77,175,183
3770.jpg,395,253,38,367,215,762,468
3701.jpg,128,117,38,0,82,128,199
3788.jpg,360,267,38,50,58,410,325
3743.jpg,98,116,38,210,88,308,204
7014.jpg,206,169,38,150,76,356,245
3705.jpg,166,168,38,2,72,168,240
13982.jpg,78,104,38,85,64,163,168
3718.jpg,617,440,38,16,40,633,480
14071.jpg,79,166,38,521,105,600,271
3762.jpg,536,381,38,68,36,604,417
3790.jpg,373,312,38,17,50,390,362
3791.jpg,320,194,38,27,15,347,209
3735.jpg,380,234,38,0,66,380,300
3730.jpg,99,217,38,339,427,438,644
3773.jpg,534,501,38,139,91,673,592
7321.jpg,70,152,38,496,180,566,332
3751.jpg,242,129,38,24,271,266,400
3710.jpg,192,120,38,206,510,398,630
3765.jpg,300,300,38,0,0,300,300
3720.jpg,352,244,38,64,106,416,350
3716.jpg,460,190,38,38,95,498,285
3706.jpg,240,88,38,44,23,284,111
3777.jpg,360,236,38,0,65,360,301
3737.jpg,98,102,38,12,107,110,209
3727.jpg,80,144,38,112,81,192,225
3712.jpg,148,145,38,0,26,148,171
3704.jpg,135,99,38,12,90,147,189
3764.jpg,369,253,38,82,122,451,375
3873.jpg,425,448,39,68,0,493,448
3825.jpg,502,389,39,42,32,544,421
3837.jpg,450,406,39,176,72,626,478
3864.jpg,215,165,39,239,29,454,194
3876.jpg,362,312,39,206,184,568,496
9176.jpg,351,357,39,1,48,352,405
3870.jpg,233,178,39,117,137,350,315
3868.jpg,719,542,39,0,0,719,542
3885.jpg,175,146,39,151,120,326,266
3867.jpg,420,190,39,32,154,452,344
3809.jpg,269,244,39,71,56,340,300
3874.jpg,226,201,39,448,258,674,459
3819.jpg,532,451,39,32,25,564,476
3817.jpg,593,433,39,101,44,694,477
3806.jpg,270,117,39,150,0,420,117
3826.jpg,402,310,39,134,65,536,375
3842.jpg,521,391,39,0,34,521,425
3812.jpg,181,135,39,177,95,358,230
16286.jpg,526,386,39,42,52,568,438
3808.jpg,362,395,39,0,105,362,500
3829.jpg,520,422,39,60,44,580,466
3821.jpg,401,317,39,193,148,594,465
3815.jpg,204,199,39,166,66,370,265
15311.jpg,175,134,39,144,3,319,137
3848.jpg,283,245,39,68,49,351,294
3849.jpg,348,368,39,132,58,480,426
3844.jpg,558,448,39,44,0,602,448
3880.jpg,159,152,39,97,96,256,248
3805.jpg,250,236,39,70,195,320,431
3839.jpg,533,355,39,143,117,676,472
3834.jpg,548,291,39,45,90,593,381
3811.jpg,212,176,39,50,130,262,306
3853.jpg,512,374,39,10,16,522,390
14692.jpg,415,427,39,153,23,568,450
3846.jpg,270,272,39,117,26,387,298
14636.jpg,366,244,39,234,0,600,244
3843.jpg,263,227,39,115,60,378,287
3847.jpg,481,312,39,0,38,481,350
15807.jpg,441,406,39,156,1,597,407
3813.jpg,258,270,39,113,45,371,315
3816.jpg,459,404,39,152,86,611,490
3889.jpg,334,375,39,42,0,376,375
3869.jpg,500,333,39,0,0,500,333
13672.jpg,172,148,39,364,252,536,400
3860.jpg,364,342,39,57,286,421,628
3851.jpg,414,342,39,128,128,542,470
3801.jpg,425,279,39,70,127,495,406
3810.jpg,278,345,39,45,145,323,490
3879.jpg,457,375,39,23,0,480,375
3796.jpg,333,303,39,0,122,333,425
15569.jpg,479,374,39,18,66,497,440
3862.jpg,294,175,39,120,225,414,400
3854.jpg,483,358,39,10,15,493,373
3852.jpg,800,450,39,0,0,800,450
3838.jpg,596,384,39,154,68,750,452
3804.jpg,500,360,39,0,15,500,375
3841.jpg,388,348,39,216,213,604,561
3857.jpg,375,261,39,115,111,490,372
3797.jpg,163,133,39,165,22,328,155
3835.jpg,448,414,39,192,66,640,480
3892.jpg,473,280,39,17,60,490,340
3865.jpg,315,207,39,107,196,422,403
3830.jpg,690,600,39,49,0,739,600
3818.jpg,773,533,39,27,0,800,533
14584.jpg,356,345,39,420,201,776,546
3877.jpg,275,216,39,258,312,533,528
3858.jpg,409,268,39,26,59,435,327
3840.jpg,428,286,39,200,86,628,372
3800.jpg,298,270,39,190,50,488,320
3887.jpg,401,297,39,50,29,451,326
3886.jpg,383,321,39,30,12,413,333
3884.jpg,302,280,39,58,17,360,297
14679.jpg,485,380,39,56,70,541,450
3878.jpg,360,279,39,86,68,446,347
3803.jpg,288,292,39,0,116,288,408
3890.jpg,308,295,39,102,55,410,350
3822.jpg,500,377,39,140,64,640,441
3795.jpg,300,225,39,77,120,377,345
3814.jpg,427,323,39,53,15,480,338
3888.jpg,500,500,39,0,0,500,500
3799.jpg,273,136,39,97,90,370,226
15621.jpg,227,229,39,275,1,502,230
3798.jpg,219,144,39,261,64,480,208
3845.jpg,327,216,39,33,64,360,280
3793.jpg,326,241,39,74,59,400,300
14655.jpg,584,428,39,6,36,590,464
3859.jpg,414,342,39,214,138,628,480
13933.jpg,380,280,39,212,0,592,280
3827.jpg,540,436,39,22,13,562,449
3925.jpg,369,188,40,62,135,431,323
3936.jpg,231,130,40,135,181,366,311
3900.jpg,647,369,40,16,79,663,448
3950.jpg,715,247,40,52,88,767,335
3951.jpg,485,184,40,80,292,565,476
3965.jpg,414,177,40,38,94,452,271
3928.jpg,461,170,40,20,58,481,228
3940.jpg,249,111,40,127,175,376,286
3895.jpg,600,280,40,0,93,600,373
11699.jpg,565,311,40,1,60,566,371
3985.jpg,552,228,40,108,261,660,489
3949.jpg,217,390,40,414,0,631,390
3916.jpg,765,484,40,21,73,786,557
13678.jpg,694,245,40,86,71,780,316
3955.jpg,384,329,40,0,93,384,422
3986.jpg,606,362,40,0,117,606,479
3921.jpg,424,300,40,76,46,500,346
3893.jpg,392,257,40,23,0,415,257
3931.jpg,358,229,40,72,63,430,292
3920.jpg,491,214,40,0,82,491,296
3941.jpg,500,256,40,0,103,500,359
3943.jpg,291,200,40,195,105,486,305
3896.jpg,469,248,40,97,106,566,354
3991.jpg,446,171,40,4,12,450,183
3963.jpg,482,415,40,318,185,800,600
15617.jpg,318,427,40,15,1,333,428
3974.jpg,640,284,40,0,112,640,396
3952.jpg,435,225,40,0,66,435,291
3912.jpg,215,136,40,158,105,373,241
3903.jpg,600,294,40,0,79,600,373
3971.jpg,347,378,40,178,0,525,378
3899.jpg,600,240,40,0,93,600,333
3989.jpg,420,254,40,22,27,442,281
3907.jpg,172,60,40,40,90,212,150
3932.jpg,206,268,40,70,17,276,285
3957.jpg,437,192,40,110,95,547,287
3980.jpg,465,220,40,34,132,499,352
3917.jpg,404,192,40,61,153,465,345
3945.jpg,244,138,40,8,70,252,208
3910.jpg,412,310,40,228,106,640,416
3933.jpg,475,290,40,5,14,480,304
3898.jpg,600,267,40,0,78,600,345
13694.jpg,131,246,40,410,165,541,411
3918.jpg,334,165,40,81,183,415,348
3905.jpg,349,250,40,86,15,435,265
3964.jpg,262,262,40,17,38,279,300
3948.jpg,573,374,40,0,58,573,432
3924.jpg,314,277,40,49,13,363,290
3922.jpg,388,278,40,87,60,475,338
3970.jpg,417,317,40,42,43,459,360
3944.jpg,371,144,40,65,67,436,211
3958.jpg,406,187,40,0,109,406,296
3947.jpg,611,366,40,0,234,611,600
3923.jpg,263,125,40,128,110,391,235
3976.jpg,357,182,40,24,66,381,248
3926.jpg,326,248,40,157,48,483,296
3908.jpg,361,351,40,0,24,361,375
3988.jpg,450,289,40,0,31,450,320
3904.jpg,534,341,40,193,213,727,554
3894.jpg,579,378,40,21,72,600,450
3915.jpg,448,268,40,27,52,475,320
3975.jpg,362,173,40,30,66,392,239
3973.jpg,470,220,40,112,58,582,278
3919.jpg,321,309,40,142,24,463,333
3946.jpg,800,438,40,0,82,800,520
3911.jpg,444,220,40,0,88,444,308
3906.jpg,480,218,40,0,40,480,258
3953.jpg,384,202,40,0,78,384,280
3968.jpg,393,228,40,2,29,395,257
3959.jpg,294,136,40,126,171,420,307
3913.jpg,459,367,40,38,84,497,451
3960.jpg,675,591,40,15,0,690,591
3939.jpg,335,173,40,142,148,477,321
3935.jpg,305,142,40,38,172,343,314
3966.jpg,460,345,40,0,18,460,363
3982.jpg,301,168,40,0,104,301,272
13975.jpg,259,94,40,18,42,277,136
88.jpg,384,212,40,381,121,765,333
3897.jpg,585,495,40,88,99,673,594
3990.jpg,422,308,40,178,79,600,387
83.jpg,139,160,40,345,104,484,264
3979.jpg,408,161,40,0,153,408,314
3902.jpg,616,301,40,0,123,616,424
3929.jpg,209,425,40,61,70,270,495
3954.jpg,450,179,40,0,100,450,279
4067.jpg,259,191,41,333,314,592,505
4007.jpg,179,151,41,47,25,226,176
3998.jpg,233,153,41,26,15,259,168
14903.jpg,88,83,41,583,163,671,246
14902.jpg,180,160,41,56,199,236,359
4018.jpg,144,306,41,0,90,144,396
4015.jpg,429,388,41,120,42,549,430
4012.jpg,273,240,41,70,11,343,251
4016.jpg,622,298,41,18,182,640,480
4072.jpg,286,188,41,26,52,312,240
4075.jpg,303,224,41,36,15,339,239
4023.jpg,178,102,41,217,60,395,162
4011.jpg,90,97,41,25,113,115,210
4087.jpg,602,516,41,103,59,705,575
4040.jpg,137,73,41,59,0,196,73
16777.jpg,600,458,41,20,29,620,487
4063.jpg,139,124,41,0,48,139,172
4039.jpg,100,91,41,0,42,100,133
4060.jpg,379,270,41,90,158,469,428
4074.jpg,189,177,41,50,33,239,210
4004.jpg,36,47,41,55,2,91,49
4009.jpg,113,102,41,36,11,149,113
4058.jpg,120,90,41,0,30,120,120
4066.jpg,116,97,41,42,25,158,122
4047.jpg,399,298,41,17,25,416,323
4035.jpg,270,132,41,67,140,337,272
4089.jpg,144,110,41,57,61,201,171
4057.jpg,169,118,41,26,60,195,178
4078.jpg,480,480,41,0,0,480,480
4085.jpg,540,425,41,36,116,576,541
3994.jpg,236,275,41,168,45,404,320
16771.jpg,413,328,41,95,66,508,394
4051.jpg,169,100,41,4,28,173,128
4003.jpg,298,224,41,0,2,298,226
4000.jpg,141,104,41,72,64,213,168
4021.jpg,218,152,41,14,20,232,172
16748.jpg,345,268,41,2,39,347,307
4024.jpg,179,113,41,143,17,322,130
4052.jpg,147,123,41,77,139,224,262
4084.jpg,735,422,41,17,136,752,558
4013.jpg,218,182,41,30,24,248,206
4017.jpg,240,214,41,0,50,240,264
4050.jpg,240,140,41,46,42,286,182
4031.jpg,131,74,41,9,18,140,92
4037.jpg,51,46,41,67,21,118,67
4088.jpg,591,404,41,86,62,677,466
14002.jpg,142,166,41,498,136,640,302
3996.jpg,94,60,41,190,93,284,153
16722.jpg,514,365,41,1,2,515,367
4036.jpg,497,316,41,12,42,509,358
4065.jpg,130,118,41,264,0,394,118
3997.jpg,104,108,41,216,70,320,178
3999.jpg,99,103,41,45,22,144,125
4041.jpg,276,192,41,20,12,296,204
16745.jpg,364,328,41,35,4,399,332
4046.jpg,175,102,41,28,15,203,117
4086.jpg,516,515,41,41,104,557,619
4014.jpg,241,175,41,61,20,302,195
4044.jpg,67,71,41,54,8,121,79
16742.jpg,399,362,41,122,24,521,386
4005.jpg,244,204,41,58,36,302,240
4033.jpg,102,101,41,0,19,102,120
16725.jpg,395,290,41,0,4,395,294
4091.jpg,424,278,41,140,124,564,402
4043.jpg,170,137,41,110,65,280,202
4049.jpg,87,62,41,219,2,306,64
16768.jpg,317,245,41,18,5,335,250
4020.jpg,127,99,41,63,36,190,135
4077.jpg,426,267,41,0,15,426,282
4027.jpg,580,480,41,36,0,616,480
4025.jpg,189,139,41,60,15,249,154
4008.jpg,184,222,41,136,18,320,240
4083.jpg,800,551,41,0,26,800,577
4062.jpg,136,134,41,0,42,136,176
4028.jpg,317,196,41,5,84,322,280
4032.jpg,120,93,41,0,0,120,93
4068.jpg,257,178,41,17,276,274,454
4002.jpg,216,163,41,33,18,249,181
4076.jpg,145,104,41,50,56,195,160
4010.jpg,232,162,41,40,7,272,169
4042.jpg,80,81,41,0,0,80,81
4056.jpg,317,226,41,103,33,420,259
16739.jpg,321,303,41,58,17,379,320
4045.jpg,530,329,41,0,19,530,348
4092.jpg,580,481,41,124,58,704,539
16772.jpg,507,396,41,38,13,545,409
4071.jpg,164,163,41,144,59,308,222
4038.jpg,200,199,41,0,1,200,200
3995.jpg,109,93,41,17,44,126,137
4055.jpg,223,196,41,77,135,300,331
16153.jpg,309,224,42,165,1,474,225
16676.jpg,285,188,42,261,65,546,253
4166.jpg,386,250,42,34,53,420,303
15356.jpg,555,450,42,0,0,555,450
16680.jpg,285,160,42,248,77,533,237
14089.jpg,253,125,42,283,131,536,256
880.jpg,124,64,42,0,0,124,64
14083.jpg,463,287,42,325,51,788,338
14083.jpg,321,297,42,5,153,326,450
4148.jpg,221,121,42,3,37,224,158
4120.jpg,144,86,42,45,31,189,117
9338.jpg,417,207,42,0,78,417,285
14287.jpg,311,222,42,180,0,491,222
13628.jpg,686,433,42,43,81,729,514
4145.jpg,292,166,42,47,56,339,222
4100.jpg,381,291,42,0,0,381,291
4167.jpg,584,416,42,56,2,640,418
4143.jpg,240,320,42,0,0,240,320
4158.jpg,153,123,42,22,8,175,131
4138.jpg,194,162,42,6,6,200,168
4157.jpg,597,385,42,20,48,617,433
12610.jpg,117,85,42,245,65,362,150
4110.jpg,520,304,42,0,64,520,368
4149.jpg,127,148,42,40,14,167,162
4172.jpg,191,119,42,5,38,196,157
4135.jpg,165,91,42,20,38,185,129
4103.jpg,178,134,42,0,0,178,134
4160.jpg,127,93,42,31,25,158,118
4111.jpg,160,149,42,0,0,160,149
13713.jpg,324,93,42,252,16,576,109
14906.jpg,162,287,42,316,337,478,624
4107.jpg,296,232,42,0,0,296,232
4139.jpg,204,156,42,10,49,214,205
4115.jpg,272,138,42,28,0,300,138
15846.jpg,261,419,42,0,23,261,442
14234.jpg,162,91,42,105,0,267,91
14061.jpg,254,155,42,61,121,315,276
13720.jpg,140,122,42,364,68,504,190
4165.jpg,315,270,42,98,30,413,300
4093.jpg,208,83,42,2,19,210,102
4117.jpg,230,143,42,1,13,231,156
4150.jpg,175,130,42,0,0,175,130
11156.jpg,153,104,42,310,31,463,135
4154.jpg,144,134,42,4,21,148,155
13734.jpg,152,104,42,360,12,512,116
4155.jpg,126,116,42,7,17,133,133
15692.jpg,87,93,42,453,138,540,231
4161.jpg,315,193,42,44,95,359,288
15149.jpg,278,176,42,350,236,628,412
4146.jpg,222,205,42,0,14,222,219
4098.jpg,194,95,42,4,12,198,107
4171.jpg,302,224,42,0,0,302,224
15300.jpg,289,228,42,311,132,600,360
4105.jpg,260,211,42,22,0,282,211
9182.jpg,162,349,42,108,39,270,388
11630.jpg,181,143,42,153,64,334,207
4094.jpg,326,248,42,4,15,330,263
4130.jpg,320,226,42,0,0,320,226
4186.jpg,94,60,42,0,12,94,72
16603.jpg,299,172,42,291,20,590,192
16089.jpg,187,384,42,401,58,588,442
16513.jpg,620,323,42,9,15,629,338
4187.jpg,201,183,42,0,25,201,208
4118.jpg,174,125,42,2,1,176,126
4152.jpg,229,107,42,6,46,235,153
4191.jpg,182,140,42,27,69,209,209
15192.jpg,270,152,42,281,29,551,181
16643.jpg,302,166,42,16,37,318,203
9293.jpg,419,216,42,4,73,423,289
11610.jpg,375,246,42,28,12,403,258
4159.jpg,228,91,42,24,74,252,165
15135.jpg,586,703,42,0,97,586,800
4177.jpg,235,176,42,15,0,250,176
11115.jpg,109,180,42,276,63,385,243
11115.jpg,61,174,42,222,78,283,252
11115.jpg,87,185,42,147,82,234,267
11115.jpg,81,177,42,87,91,168,268
11115.jpg,90,183,42,15,102,105,285
4140.jpg,189,122,42,3,6,192,128
11605.jpg,148,225,42,195,22,343,247
11605.jpg,150,254,42,324,97,474,351
4174.jpg,225,183,42,0,0,225,183
1.jpg,437,469,42,363,91,800,560
4095.jpg,194,144,42,3,3,197,147
4122.jpg,396,295,42,0,0,396,295
16660.jpg,245,123,42,56,295,301,418
4129.jpg,180,93,42,0,9,180,102
4164.jpg,190,130,42,41,38,231,168
4169.jpg,414,249,42,40,33,454,282
4185.jpg,252,117,42,42,9,294,126
4178.jpg,311,196,42,39,53,350,249
4108.jpg,205,116,42,13,1,218,117
14357.jpg,278,272,42,463,31,741,303
9246.jpg,231,200,42,99,73,330,273
15326.jpg,490,328,42,67,8,557,336
15219.jpg,187,200,42,340,230,527,430
4133.jpg,187,150,42,0,0,187,150
4181.jpg,250,158,42,0,28,250,186
14048.jpg,214,160,42,266,75,480,235
4144.jpg,505,300,42,60,0,565,300
4189.jpg,247,152,42,0,20,247,172
15778.jpg,313,304,42,22,121,335,425
14016.jpg,260,178,42,105,85,365,263
4125.jpg,336,336,42,0,0,336,336
4153.jpg,151,75,42,8,24,159,99
4102.jpg,800,537,42,0,4,800,541
4131.jpg,476,256,42,228,115,704,371
13743.jpg,320,138,42,164,28,484,166
15196.jpg,585,441,42,15,0,600,441
14898.jpg,155,192,42,0,318,155,510
4162.jpg,487,360,42,81,104,568,464
9259.jpg,380,324,42,46,15,426,339
4106.jpg,138,106,42,29,11,167,117
4141.jpg,300,237,42,0,30,300,267
4128.jpg,393,259,42,51,56,444,315
4156.jpg,210,134,42,0,7,210,141
4188.jpg,162,120,42,25,4,187,124
15924.jpg,248,178,42,0,5,248,183
15302.jpg,191,129,42,381,0,572,129
4099.jpg,276,164,42,4,0,280,164
4175.jpg,280,223,42,0,25,280,248
4121.jpg,131,80,42,13,36,144,116
4109.jpg,244,115,42,8,34,252,149
4147.jpg,149,80,42,14,16,163,96
15425.jpg,290,187,42,34,196,324,383
9258.jpg,361,240,42,57,61,418,301
4190.jpg,291,221,42,33,7,324,228
4173.jpg,277,186,42,0,15,277,201
14694.jpg,372,209,42,278,27,650,236
4184.jpg,238,167,42,7,0,245,167
11161.jpg,157,119,42,306,22,463,141
4116.jpg,142,129,42,31,6,173,135
4179.jpg,83,62,42,21,0,104,62
14077.jpg,247,175,42,148,95,395,270
15765.jpg,332,204,42,56,1,388,205
4104.jpg,458,266,42,7,22,465,288
13697.jpg,256,105,42,234,52,490,157
4096.jpg,186,153,42,36,15,222,168
15428.jpg,124,99,42,388,168,512,267
4245.jpg,740,547,43,0,0,740,547
4242.jpg,576,450,43,24,0,600,450
4271.jpg,272,192,43,14,16,286,208
4212.jpg,288,284,43,162,3,450,287
4248.jpg,779,443,43,0,77,779,520
4252.jpg,290,190,43,0,0,290,190
4262.jpg,323,240,43,20,26,343,266
4265.jpg,300,300,43,0,0,300,300
4241.jpg,298,201,43,0,19,298,220
4232.jpg,340,263,43,0,45,340,308
4273.jpg,180,180,43,0,0,180,180
4204.jpg,238,200,43,0,40,238,240
4196.jpg,245,192,43,12,2,257,194
4254.jpg,600,518,43,0,43,600,561
4207.jpg,250,133,43,0,18,250,151
4228.jpg,187,105,43,31,45,218,150
16733.jpg,630,418,43,4,3,634,421
4201.jpg,244,226,43,30,8,274,234
4292.jpg,240,320,43,0,0,240,320
4222.jpg,321,283,43,0,0,321,283
4216.jpg,220,150,43,0,0,220,150
4208.jpg,250,180,43,0,30,250,210
4246.jpg,500,375,43,0,0,500,375
4199.jpg,331,238,43,58,22,389,260
15749.jpg,271,264,43,76,98,347,362
4215.jpg,640,480,43,0,0,640,480
4278.jpg,194,118,43,6,0,200,118
4202.jpg,505,338,43,0,0,505,338
4281.jpg,350,205,43,0,58,350,263
4217.jpg,195,131,43,4,3,199,134
4213.jpg,250,121,43,0,30,250,151
4277.jpg,600,450,43,0,0,600,450
4243.jpg,450,300,43,0,0,450,300
4238.jpg,215,165,43,3,35,218,200
16753.jpg,475,354,43,1,1,476,355
4261.jpg,271,208,43,42,14,313,222
4218.jpg,180,117,43,0,63,180,180
4205.jpg,220,129,43,0,0,220,129
4223.jpg,208,182,43,6,36,214,218
4210.jpg,208,136,43,12,0,220,136
4230.jpg,188,106,43,27,40,215,146
4237.jpg,620,424,43,0,0,620,424
4244.jpg,389,260,43,0,0,389,260
4251.jpg,282,193,43,70,71,352,264
4226.jpg,353,240,43,3,6,356,246
4274.jpg,162,114,43,39,20,201,134
15410.jpg,202,195,43,266,213,468,408
4233.jpg,600,400,43,0,0,600,400
4286.jpg,384,234,43,0,16,384,250
4255.jpg,318,241,43,22,7,340,248
4203.jpg,253,204,43,3,34,256,238
4284.jpg,320,240,43,0,0,320,240
4291.jpg,310,164,43,0,30,310,194
4270.jpg,456,342,43,0,0,456,342
16360.jpg,537,446,43,48,1,585,447
4257.jpg,480,306,43,0,0,480,306
4268.jpg,234,128,43,8,51,242,179
13759.jpg,388,308,43,4,73,392,381
4247.jpg,400,300,43,0,0,400,300
4221.jpg,160,110,43,16,36,176,146
4220.jpg,640,396,43,0,84,640,480
4287.jpg,640,424,43,0,56,640,480
4225.jpg,600,600,43,0,0,600,600
4194.jpg,250,162,43,0,61,250,223
4229.jpg,205,120,43,20,25,225,145
4249.jpg,225,156,43,0,0,225,156
4193.jpg,256,192,43,0,0,256,192
4200.jpg,176,125,43,6,6,182,131
4240.jpg,300,213,43,0,42,300,255
4263.jpg,320,240,43,0,0,320,240
4289.jpg,192,108,43,19,5,211,113
4260.jpg,280,280,43,0,0,280,280
4214.jpg,211,169,43,10,57,221,226
16305.jpg,444,283,43,98,102,542,385
4209.jpg,230,224,43,0,0,230,224
4195.jpg,320,170,43,0,38,320,208
4197.jpg,240,147,43,0,18,240,165
4256.jpg,285,225,43,0,0,285,225
16701.jpg,380,306,43,10,46,390,352
4219.jpg,620,383,43,0,41,620,424
4288.jpg,300,223,43,0,0,300,223
4267.jpg,230,196,43,0,5,230,201
4250.jpg,340,251,43,6,5,346,256
4285.jpg,360,223,43,0,20,360,243
4317.jpg,403,369,44,149,25,552,394
4319.jpg,245,144,44,8,52,253,196
4348.jpg,215,134,44,96,162,311,296
4323.jpg,70,44,44,120,88,190,132
16780.jpg,270,134,44,63,89,333,223
4313.jpg,64,41,44,49,90,113,131
4351.jpg,252,148,44,14,49,266,197
4391.jpg,168,83,44,111,165,279,248
4354.jpg,133,115,44,161,177,294,292
4310.jpg,146,101,44,29,40,175,141
4293.jpg,469,172,44,13,203,482,375
4329.jpg,406,121,44,30,28,436,149
4370.jpg,627,339,44,1,90,628,429
4359.jpg,310,174,44,57,99,367,273
4315.jpg,280,192,44,0,0,280,192
4388.jpg,370,400,44,252,124,622,524
14595.jpg,75,70,44,87,165,162,235
4296.jpg,192,206,44,0,32,192,238
4363.jpg,712,335,44,66,116,778,451
4379.jpg,342,225,44,118,92,460,317
4300.jpg,102,68,44,80,14,182,82
4375.jpg,171,87,44,72,198,243,285
4318.jpg,382,309,44,157,45,539,354
4389.jpg,315,190,44,50,58,365,248
4332.jpg,212,175,44,34,165,246,340
4360.jpg,573,401,44,0,92,573,493
4365.jpg,292,193,44,0,30,292,223
4307.jpg,253,134,44,0,142,253,276
4386.jpg,233,141,44,242,180,475,321
4364.jpg,306,347,44,344,253,650,600
4392.jpg,198,160,44,132,57,330,217
4305.jpg,61,32,44,107,25,168,57
4326.jpg,142,170,44,0,70,142,240
4384.jpg,262,162,44,0,104,262,266
4303.jpg,290,88,44,116,129,406,217
4336.jpg,280,186,44,0,0,280,186
4366.jpg,293,114,44,7,93,300,207
4322.jpg,600,481,44,0,199,600,680
4298.jpg,172,116,44,68,138,240,254
4304.jpg,136,108,44,0,23,136,131
4335.jpg,239,115,44,257,95,496,210
4324.jpg,44,72,44,162,66,206,138
4325.jpg,258,138,44,2,0,260,138
4320.jpg,237,64,44,150,131,387,195
14003.jpg,165,129,44,425,243,590,372
4346.jpg,320,214,44,0,128,320,342
4344.jpg,214,133,44,128,215,342,348
4368.jpg,243,142,44,0,135,243,277
4311.jpg,180,154,44,0,48,180,202
4341.jpg,338,450,44,0,0,338,450
4347.jpg,498,284,44,0,56,498,340
4357.jpg,252,107,44,188,121,440,228
4297.jpg,267,186,44,53,130,320,316
4350.jpg,475,323,44,25,52,500,375
4374.jpg,353,332,44,350,185,703,517
4302.jpg,138,122,44,78,24,216,146
4321.jpg,204,101,44,11,31,215,132
4343.jpg,316,239,44,72,82,388,321
4340.jpg,430,283,44,106,70,536,353
4385.jpg,720,478,44,75,66,795,544
4373.jpg,254,100,44,9,16,263,116
4380.jpg,287,131,44,102,60,389,191
4371.jpg,790,304,44,10,42,800,346
4299.jpg,319,119,44,50,43,369,162
4295.jpg,108,50,44,124,86,232,136
4355.jpg,280,321,44,0,0,280,321
4387.jpg,278,155,44,110,53,388,208
4312.jpg,141,69,44,24,14,165,83
13745.jpg,266,185,44,76,187,342,372
4328.jpg,280,150,44,0,21,280,171
4333.jpg,640,412,44,0,0,640,412
4376.jpg,481,167,44,10,198,491,365
4316.jpg,120,72,44,142,21,262,93
4352.jpg,226,187,44,0,0,226,187
4345.jpg,363,158,44,0,210,363,368
15354.jpg,112,224,44,400,442,512,666
4294.jpg,58,64,44,164,64,222,128
4306.jpg,308,168,44,31,54,339,222
4358.jpg,224,142,44,128,83,352,225
4331.jpg,120,74,44,240,75,360,149
4353.jpg,209,164,44,173,145,382,309
4349.jpg,230,208,44,50,78,280,286
4308.jpg,22,33,44,108,19,130,52
4485.jpg,261,160,45,38,70,299,230
4475.jpg,256,230,45,234,102,490,332
4431.jpg,640,480,45,0,0,640,480
4483.jpg,338,141,45,8,170,346,311
4430.jpg,174,118,45,240,31,414,149
15389.jpg,138,213,45,502,71,640,284
4460.jpg,182,109,45,179,18,361,127
12084.jpg,410,315,45,148,33,558,348
4438.jpg,347,225,45,53,0,400,225
4414.jpg,399,233,45,61,56,460,289
4434.jpg,324,317,45,6,19,330,336
4488.jpg,192,201,45,69,6,261,207
11182.jpg,386,195,45,25,48,411,243
13379.jpg,206,140,45,0,45,206,185
13246.jpg,320,108,45,152,364,472,472
4453.jpg,286,265,45,74,5,360,270
4409.jpg,432,223,45,35,112,467,335
4471.jpg,259,119,45,62,87,321,206
9351.jpg,381,198,45,21,48,402,246
12081.jpg,342,300,45,226,73,568,373
12062.jpg,377,229,45,268,206,645,435
4437.jpg,283,90,45,63,74,346,164
4444.jpg,255,194,45,108,117,363,311
4408.jpg,280,252,45,120,90,400,342
4467.jpg,351,212,45,45,31,396,243
15154.jpg,296,238,45,202,96,498,334
4418.jpg,328,230,45,172,15,500,245
11337.jpg,97,135,45,255,135,352,270
4413.jpg,222,147,45,18,96,240,243
4403.jpg,307,280,45,88,41,395,321
4429.jpg,300,98,45,20,90,320,188
4410.jpg,271,255,45,77,80,348,335
14736.jpg,182,249,45,158,228,340,477
4477.jpg,482,315,45,18,40,500,355
4400.jpg,279,237,45,197,18,476,255
4406.jpg,303,155,45,55,166,358,321
4456.jpg,418,220,45,57,6,475,226
4404.jpg,285,297,45,10,38,295,335
4465.jpg,318,254,45,70,32,388,286
4450.jpg,800,463,45,0,81,800,544
11500.jpg,96,120,45,48,36,144,156
4464.jpg,458,465,45,0,118,458,583
11184.jpg,123,129,45,180,60,303,189
4398.jpg,325,375,45,0,110,325,485
4449.jpg,217,94,45,208,225,425,319
4407.jpg,336,356,45,97,0,433,356
4426.jpg,600,450,45,0,0,600,450
4445.jpg,462,226,45,30,78,492,304
4455.jpg,219,105,45,261,46,480,151
15301.jpg,152,228,45,120,88,272,316
4405.jpg,401,203,45,25,120,426,323
4476.jpg,618,222,45,20,130,638,352
4425.jpg,800,502,45,0,30,800,532
4424.jpg,321,170,45,79,129,400,299
4402.jpg,357,355,45,60,10,417,365
4433.jpg,164,166,45,202,48,366,214
14822.jpg,372,270,45,266,178,638,448
4443.jpg,540,286,45,0,76,540,362
4432.jpg,326,243,45,10,40,336,283
4480.jpg,496,375,45,0,0,496,375
4489.jpg,410,304,45,0,3,410,307
4469.jpg,160,60,45,56,42,216,102
4436.jpg,567,418,45,0,7,567,425
4459.jpg,267,123,45,0,177,267,300
4401.jpg,296,98,45,65,188,361,286
4487.jpg,212,104,45,7,24,219,128
4416.jpg,213,194,45,10,256,223,450
4439.jpg,482,220,45,0,156,482,376
4435.jpg,394,241,45,0,25,394,266
4451.jpg,438,224,45,202,212,640,436
4417.jpg,246,181,45,54,45,300,226
4461.jpg,188,189,45,262,122,450,311
4473.jpg,284,178,45,56,39,340,217
4482.jpg,305,192,45,34,38,339,230
4458.jpg,435,143,45,0,80,435,223
4442.jpg,240,200,45,0,118,240,318
14789.jpg,300,214,45,156,156,456,370
4440.jpg,266,86,45,54,106,320,192
9355.jpg,369,344,45,57,10,426,354
4486.jpg,336,278,45,116,81,452,359
4397.jpg,450,313,45,0,0,450,313
4484.jpg,218,308,45,19,0,237,308
4421.jpg,165,343,45,267,0,432,343
4396.jpg,208,203,45,304,151,512,354
4420.jpg,494,231,45,6,102,500,333
4411.jpg,307,216,45,120,117,427,333
15812.jpg,149,171,45,286,112,435,283
13690.jpg,240,222,45,445,186,685,408
4395.jpg,344,384,45,0,0,344,384
4481.jpg,498,191,45,0,87,498,278
4428.jpg,318,152,45,2,28,320,180
15246.jpg,120,186,45,274,84,394,270
4448.jpg,480,193,45,0,108,480,301
4468.jpg,272,222,45,288,82,560,304
16060.jpg,171,206,45,234,135,405,341
4393.jpg,202,76,45,28,158,230,234
4533.jpg,429,218,46,0,86,429,304
4501.jpg,84,22,46,140,86,224,108
4578.jpg,505,218,46,35,103,540,321
4550.jpg,348,80,46,8,120,356,200
14607.jpg,397,200,46,271,0,668,200
4535.jpg,322,96,46,49,94,371,190
4560.jpg,171,101,46,175,170,346,271
4498.jpg,166,66,46,220,172,386,238
4495.jpg,78,43,46,105,33,183,76
4573.jpg,327,166,46,278,314,605,480
4534.jpg,431,349,46,145,83,576,432
4565.jpg,112,110,46,168,114,280,224
4509.jpg,172,86,46,68,64,240,150
4547.jpg,262,232,46,18,141,280,373
14531.jpg,322,278,46,228,238,550,516
4558.jpg,494,503,46,49,43,543,546
4549.jpg,215,101,46,425,104,640,205
4561.jpg,338,115,46,22,144,360,259
4564.jpg,412,180,46,16,39,428,219
4576.jpg,313,116,46,39,167,352,283
4537.jpg,373,144,46,172,4,545,148
4586.jpg,200,72,46,0,59,200,131
4523.jpg,144,195,46,156,0,300,195
14643.jpg,282,190,46,112,270,394,460
4570.jpg,198,210,46,282,78,480,288
13938.jpg,78,70,46,84,164,162,234
4582.jpg,159,87,46,16,28,175,115
4585.jpg,300,129,46,0,55,300,184
4503.jpg,164,44,46,136,130,300,174
4515.jpg,90,132,46,85,0,175,132
4519.jpg,160,86,46,0,10,160,96
4563.jpg,270,128,46,51,103,321,231
4554.jpg,241,64,46,161,80,402,144
4513.jpg,74,27,46,17,80,91,107
4507.jpg,29,55,46,111,29,140,84
4526.jpg,239,114,46,286,193,525,307
4511.jpg,64,21,46,61,58,125,79
4512.jpg,51,46,46,28,22,79,68
4518.jpg,53,25,46,43,37,96,62
4587.jpg,444,315,46,68,39,512,354
4500.jpg,185,179,46,155,93,340,272
4502.jpg,88,36,46,106,104,194,140
4531.jpg,313,121,46,99,148,412,269
4541.jpg,338,100,46,43,107,381,207
13958.jpg,122,150,46,142,461,264,611
4521.jpg,48,51,46,96,8,144,59
4589.jpg,149,159,46,115,90,264,249
4516.jpg,173,124,46,120,104,293,228
4584.jpg,313,138,46,23,211,336,349
4522.jpg,200,84,46,0,53,200,137
4494.jpg,84,35,46,222,57,306,92
14173.jpg,350,360,46,290,52,640,412
4590.jpg,108,78,46,68,32,176,110
4506.jpg,57,41,46,82,4,139,45
14170.jpg,208,208,46,432,180,640,388
4539.jpg,248,147,46,104,129,352,276
4544.jpg,253,83,46,147,152,400,235
4492.jpg,194,132,46,42,58,236,190
11649.jpg,185,123,46,121,175,306,298
14899.jpg,128,151,46,312,91,440,242
4572.jpg,472,235,46,39,127,511,362
7305.jpg,287,157,46,58,7,345,164
4555.jpg,263,63,46,121,130,384,193
4514.jpg,100,42,46,40,128,140,170
4569.jpg,294,116,46,224,310,518,426
4566.jpg,242,193,46,102,143,344,336
4540.jpg,156,52,46,92,24,248,76
4553.jpg,198,82,46,50,60,248,142
4556.jpg,550,148,46,40,208,590,356
4545.jpg,339,119,46,43,168,382,287
4525.jpg,468,275,46,0,274,468,549
4581.jpg,308,189,46,20,51,328,240
4529.jpg,236,76,46,80,126,316,202
4542.jpg,240,71,46,34,106,274,177
13331.jpg,218,138,46,160,167,378,305
4510.jpg,110,36,46,108,34,218,70
7089.jpg,317,94,46,76,46,393,140
4508.jpg,166,52,46,140,4,306,56
4538.jpg,204,86,46,0,168,204,254
4497.jpg,88,222,46,245,14,333,236
13887.jpg,508,276,46,128,204,636,480
4496.jpg,160,267,46,30,0,190,267
4493.jpg,194,108,46,84,84,278,192
4536.jpg,260,88,46,22,58,282,146
4505.jpg,180,97,46,12,82,192,179
12521.jpg,204,46,46,124,222,328,268
4588.jpg,126,43,46,70,102,196,145
4548.jpg,410,351,46,55,0,465,351
4574.jpg,146,51,46,92,60,238,111
13822.jpg,397,205,46,273,0,670,205
4543.jpg,500,162,46,0,65,500,227
4530.jpg,170,169,46,66,104,236,273
4617.jpg,280,194,47,0,152,280,346
4597.jpg,260,175,47,80,75,340,250
4651.jpg,399,210,47,401,164,800,374
4623.jpg,469,167,47,31,140,500,307
4674.jpg,572,284,47,0,125,572,409
4611.jpg,190,107,47,46,49,236,156
4605.jpg,247,97,47,29,15,276,112
4663.jpg,397,140,47,3,116,400,256
4650.jpg,276,111,47,132,172,408,283
4613.jpg,460,141,47,0,138,460,279
4670.jpg,209,341,47,71,32,280,373
4653.jpg,320,126,47,0,38,320,164
4631.jpg,654,337,47,23,122,677,459
4685.jpg,526,199,47,52,169,578,368
14495.jpg,189,219,47,104,273,293,492
4620.jpg,327,139,47,0,46,327,185
4654.jpg,266,147,47,14,46,280,193
4660.jpg,373,473,47,18,109,391,582
4690.jpg,760,258,47,29,292,789,550
4643.jpg,280,297,47,0,26,280,323
4691.jpg,235,117,47,45,72,280,189
4636.jpg,505,230,47,7,55,512,285
4635.jpg,347,143,47,27,135,374,278
4615.jpg,270,154,47,10,52,280,206
4593.jpg,296,244,47,8,20,304,264
4649.jpg,398,80,47,58,190,456,270
4622.jpg,169,129,47,179,43,348,172
13763.jpg,294,174,47,96,44,390,218
4641.jpg,545,211,47,17,124,562,335
4628.jpg,285,173,47,14,139,299,312
4659.jpg,764,400,47,26,172,790,572
4598.jpg,300,185,47,0,172,300,357
4688.jpg,287,223,47,13,9,300,232
4633.jpg,215,239,47,0,63,215,302
4665.jpg,190,116,47,0,124,190,240
4666.jpg,243,122,47,14,201,257,323
4687.jpg,211,78,47,0,98,211,176
4624.jpg,233,168,47,132,106,365,274
4684.jpg,389,299,47,136,126,525,425
4604.jpg,442,179,47,57,184,499,363
4639.jpg,640,176,47,0,220,640,396
13960.jpg,260,142,47,146,4,406,146
4655.jpg,166,110,47,111,142,277,252
4594.jpg,193,140,47,35,25,228,165
4679.jpg,622,144,47,18,208,640,352
4629.jpg,286,115,47,247,242,533,357
4676.jpg,370,353,47,99,73,469,426
4625.jpg,361,165,47,33,104,394,269
4664.jpg,247,66,47,0,125,247,191
14522.jpg,449,252,47,206,348,655,600
4680.jpg,289,167,47,33,96,322,263
4673.jpg,314,150,47,0,72,314,222
4607.jpg,224,178,47,14,54,238,232
4602.jpg,270,126,47,0,66,270,192
4610.jpg,308,118,47,0,48,308,166
4606.jpg,217,153,47,173,141,390,294
4592.jpg,145,51,47,22,72,167,123
4644.jpg,347,235,47,0,0,347,235
4652.jpg,247,70,47,28,94,275,164
4658.jpg,416,251,47,0,30,416,281
4612.jpg,316,116,47,72,120,388,236
4668.jpg,380,113,47,7,102,387,215
4648.jpg,260,151,47,3,65,263,216
4645.jpg,294,110,47,14,14,308,124
4626.jpg,400,175,47,0,64,400,239
4640.jpg,483,252,47,85,136,568,388
4600.jpg,365,200,47,63,36,428,236
4618.jpg,350,109,47,0,95,350,204
4595.jpg,126,132,47,112,39,238,171
4671.jpg,421,190,47,12,84,433,274
4596.jpg,190,101,47,68,51,258,152
4632.jpg,232,102,47,65,172,297,274
4647.jpg,222,244,47,35,113,257,357
4621.jpg,270,182,47,27,164,297,346
4646.jpg,531,542,47,0,118,531,660
4657.jpg,269,206,47,11,110,280,316
4675.jpg,800,336,47,0,172,800,508
4619.jpg,265,139,47,14,139,279,278
4599.jpg,141,67,47,10,19,151,86
4603.jpg,302,90,47,14,136,316,226
4608.jpg,292,266,47,0,74,292,340
4683.jpg,312,154,47,88,76,400,230
4616.jpg,291,208,47,109,79,400,287
4711.jpg,500,337,48,0,38,500,375
4790.jpg,640,480,48,0,0,640,480
4714.jpg,350,357,48,71,0,421,357
4765.jpg,344,238,48,381,18,725,256
4753.jpg,510,450,48,156,71,666,521
4781.jpg,488,526,48,184,74,672,600
4730.jpg,407,383,48,61,0,468,383
4789.jpg,480,431,48,0,35,480,466
4743.jpg,366,244,48,246,42,612,286
4735.jpg,413,288,48,19,55,432,343
4740.jpg,360,216,48,254,170,614,386
14044.jpg,270,183,48,265,143,535,326
14044.jpg,234,199,48,551,101,785,300
4697.jpg,400,339,48,0,13,400,352
14559.jpg,785,597,48,1,3,786,600
4717.jpg,436,330,48,20,25,456,355
4709.jpg,500,304,48,0,51,500,355
4779.jpg,800,499,48,0,28,800,527
4768.jpg,523,450,48,164,92,687,542
4787.jpg,316,258,48,64,25,380,283
4784.jpg,459,352,48,26,18,485,370
4769.jpg,800,533,48,0,0,800,533
4692.jpg,450,417,48,0,29,450,446
14639.jpg,402,318,48,18,84,420,402
15653.jpg,150,179,48,448,171,598,350
4775.jpg,388,254,48,97,164,485,418
13671.jpg,164,174,48,464,264,628,438
4706.jpg,611,475,48,0,0,611,475
4750.jpg,605,223,48,0,377,605,600
4710.jpg,500,274,48,0,81,500,355
14400.jpg,300,298,48,33,12,333,310
9195.jpg,396,275,48,69,67,465,342
4759.jpg,800,530,48,0,0,800,530
4758.jpg,597,440,48,122,103,719,543
4749.jpg,800,388,48,0,80,800,468
4745.jpg,383,293,48,0,271,383,564
4744.jpg,762,560,48,38,0,800,560
14411.jpg,512,196,48,206,230,718,426
4724.jpg,375,500,48,0,0,375,500
4786.jpg,467,480,48,106,0,573,480
4698.jpg,546,384,48,74,8,620,392
4785.jpg,500,375,48,0,0,500,375
4725.jpg,500,500,48,0,0,500,500
4748.jpg,307,260,48,220,28,527,288
9076.jpg,324,362,48,36,67,360,429
4755.jpg,500,528,48,158,22,658,550
4739.jpg,380,403,48,260,109,640,512
4738.jpg,623,307,48,81,146,704,453
15921.jpg,115,65,48,223,295,338,360
4776.jpg,800,600,48,0,0,800,600
9122.jpg,234,322,48,69,99,303,421
14350.jpg,288,173,48,355,38,643,211
4736.jpg,500,329,48,0,26,500,355
4780.jpg,538,454,48,168,112,706,566
4713.jpg,187,221,48,8,87,195,308
4734.jpg,418,390,48,42,50,460,440
4703.jpg,450,429,48,0,0,450,429
4732.jpg,474,339,48,26,36,500,375
4751.jpg,326,313,48,0,47,326,360
14009.jpg,265,228,48,25,29,290,257
4700.jpg,569,427,48,0,0,569,427
4708.jpg,480,375,48,0,0,480,375
4761.jpg,650,435,48,0,0,650,435
4718.jpg,500,333,48,0,0,500,333
4760.jpg,708,487,48,56,46,764,533
15779.jpg,584,385,48,16,61,600,446
14683.jpg,638,397,48,18,6,656,403
4707.jpg,640,403,48,0,45,640,448
4731.jpg,485,463,48,15,37,500,500
14737.jpg,775,482,48,15,118,790,600
4695.jpg,700,442,48,0,23,700,465
13883.jpg,416,195,48,60,103,476,298
4756.jpg,640,380,48,0,100,640,480
4726.jpg,335,215,48,0,40,335,255
4733.jpg,407,209,48,0,98,407,307
4764.jpg,285,273,48,154,28,439,301
4696.jpg,742,428,48,18,160,760,588
4777.jpg,719,596,48,0,0,719,596
4788.jpg,360,507,48,0,0,360,507
4702.jpg,640,480,48,0,0,640,480
4716.jpg,454,317,48,46,50,500,367
4720.jpg,500,375,48,0,0,500,375
4771.jpg,468,502,48,126,33,594,535
4783.jpg,83,85,48,232,59,315,144
14701.jpg,179,209,48,0,72,179,281
15982.jpg,396,590,48,45,37,441,627
4742.jpg,800,600,48,0,0,800,600
4693.jpg,442,359,48,165,106,607,465
4721.jpg,500,375,48,0,0,500,375
4773.jpg,469,466,48,162,0,631,466
13687.jpg,343,298,48,228,75,571,373
4737.jpg,480,399,48,0,80,480,479
4728.jpg,454,334,48,21,11,475,345
4729.jpg,440,335,48,13,66,453,401
4705.jpg,580,435,48,0,0,580,435
4701.jpg,549,429,48,151,28,700,457
4767.jpg,646,444,48,47,78,693,522
4704.jpg,279,229,48,286,100,565,329
9097.jpg,318,156,48,84,154,402,310
14882.jpg,120,108,48,328,24,448,132
4911.jpg,800,419,49,0,120,800,539
4916.jpg,620,156,49,20,84,640,240
4891.jpg,300,187,49,0,14,300,201
4875.jpg,238,74,49,8,48,246,122
4958.jpg,331,181,49,158,0,489,181
4829.jpg,300,87,49,0,72,300,159
14005.jpg,630,149,49,8,173,638,322
4806.jpg,275,103,49,22,86,297,189
4903.jpg,312,142,49,8,58,320,200
4828.jpg,163,70,49,15,85,178,155
4920.jpg,157,75,49,3,14,160,89
4796.jpg,552,137,49,0,24,552,161
4792.jpg,360,93,49,0,177,360,270
4926.jpg,273,111,49,7,60,280,171
4948.jpg,291,142,49,59,0,350,142
4948.jpg,290,158,49,17,105,307,263
4834.jpg,403,140,49,17,150,420,290
4846.jpg,640,156,49,0,213,640,369
4869.jpg,123,115,49,0,11,123,126
4836.jpg,320,70,49,0,48,320,118
4856.jpg,320,242,49,0,0,320,242
4793.jpg,448,156,49,0,26,448,182
4804.jpg,136,74,49,110,80,246,154
4835.jpg,309,97,49,0,55,309,152
4888.jpg,345,146,49,0,154,345,300
4892.jpg,213,103,49,12,0,225,103
4961.jpg,480,91,49,155,323,635,414
4818.jpg,204,152,49,196,25,400,177
4821.jpg,150,58,49,0,34,150,92
4847.jpg,314,56,49,6,84,320,140
4909.jpg,320,180,49,0,36,320,216
4827.jpg,326,81,49,106,58,432,139
4904.jpg,630,182,49,10,116,640,298
4858.jpg,631,121,49,9,212,640,333
4862.jpg,370,78,49,0,99,370,177
4977.jpg,249,103,49,8,111,257,214
4813.jpg,320,186,49,0,32,320,218
4913.jpg,158,43,49,39,104,197,147
13857.jpg,154,80,49,128,0,282,80
4893.jpg,237,149,49,10,173,247,322
4795.jpg,280,121,49,0,31,280,152
4838.jpg,306,172,49,14,26,320,198
4960.jpg,200,150,49,0,0,200,150
4854.jpg,325,211,49,21,46,346,257
4928.jpg,461,177,49,7,183,468,360
13947.jpg,507,270,49,293,130,800,400
4902.jpg,104,58,49,76,60,180,118
4923.jpg,157,28,49,3,46,160,74
4918.jpg,350,201,49,0,58,350,259
4852.jpg,302,134,49,2,119,304,253
4971.jpg,292,134,49,50,11,342,145
4956.jpg,418,263,49,32,88,450,351
4803.jpg,426,61,49,0,116,426,177
4855.jpg,320,88,49,0,108,320,196
4965.jpg,400,257,49,0,3,400,260
4843.jpg,156,132,49,4,3,160,135
4934.jpg,138,131,49,96,48,234,179
4794.jpg,400,199,49,0,28,400,227
4887.jpg,347,155,49,153,110,500,265
4925.jpg,153,312,49,7,6,160,318
16266.jpg,377,256,49,206,135,583,391
4845.jpg,275,170,49,9,70,284,240
4886.jpg,320,208,49,0,6,320,214
11577.jpg,319,227,49,129,85,448,312
4853.jpg,276,70,49,108,40,384,110
4867.jpg,625,371,49,33,61,658,432
4849.jpg,269,121,49,10,56,279,177
4899.jpg,254,154,49,61,43,315,197
4851.jpg,187,68,49,9,52,196,120
4799.jpg,120,75,49,0,39,120,114
4972.jpg,190,126,49,130,108,320,234
4973.jpg,496,188,49,32,8,528,196
4978.jpg,593,340,49,7,33,600,373
4919.jpg,314,206,49,0,0,314,206
4864.jpg,471,332,49,93,70,564,402
4826.jpg,222,52,49,98,34,320,86
4809.jpg,468,360,49,0,0,468,360
4812.jpg,134,49,49,0,22,134,71
4914.jpg,608,444,49,64,22,672,466
4839.jpg,220,110,49,0,21,220,131
4882.jpg,617,130,49,0,86,617,216
4805.jpg,408,171,49,168,135,576,306
4863.jpg,507,254,49,73,226,580,480
4953.jpg,322,166,49,188,71,510,237
4901.jpg,417,153,49,24,45,441,198
4924.jpg,180,134,49,0,106,180,240
4957.jpg,384,288,49,0,0,384,288
4878.jpg,217,102,49,7,8,224,110
4922.jpg,168,32,49,19,52,187,84
4831.jpg,289,75,49,0,40,289,115
12130.jpg,434,231,49,14,107,448,338
16251.jpg,532,425,49,58,13,590,438
4807.jpg,274,83,49,48,73,322,156
4938.jpg,239,96,49,20,98,259,194
4976.jpg,341,111,49,35,175,376,286
4936.jpg,313,107,49,1,106,314,213
4840.jpg,223,78,49,0,51,223,129
4894.jpg,344,137,49,230,49,574,186
4988.jpg,494,236,49,108,218,602,454
4872.jpg,492,90,49,0,141,492,231
4876.jpg,400,163,49,0,56,400,219
4817.jpg,240,132,49,38,26,278,158
4900.jpg,480,157,49,0,77,480,234
4908.jpg,176,75,49,1,73,177,148
13988.jpg,520,174,49,126,226,646,400
4896.jpg,563,210,49,100,188,663,398
4819.jpg,636,363,49,0,65,636,428
4820.jpg,280,72,49,0,82,280,154
4830.jpg,341,246,49,30,0,371,246
4825.jpg,150,66,49,0,33,150,99
4880.jpg,203,106,49,0,39,203,145
4915.jpg,363,101,49,0,163,363,264
4885.jpg,450,93,49,0,88,450,181
4816.jpg,222,39,49,16,87,238,126
4810.jpg,389,89,49,11,101,400,190
4842.jpg,327,88,49,47,113,374,201
4865.jpg,420,142,49,0,152,420,294
4929.jpg,320,68,49,0,88,320,156
4815.jpg,241,241,49,95,11,336,252
4939.jpg,272,80,49,4,40,276,120
4857.jpg,405,64,49,0,66,405,130
4837.jpg,301,80,49,0,30,301,110
13757.jpg,516,200,49,12,4,528,204
14519.jpg,615,233,49,76,0,691,233
4798.jpg,182,150,49,0,0,182,150
4822.jpg,180,63,49,0,136,180,199
4877.jpg,138,94,49,138,86,276,180
4895.jpg,202,44,49,18,67,220,111
4801.jpg,240,266,49,0,38,240,304
4912.jpg,471,108,49,169,44,640,152
4905.jpg,236,140,49,4,162,240,302
4802.jpg,280,107,49,0,50,280,157
4841.jpg,99,72,49,4,12,103,84
4890.jpg,397,147,49,2,62,399,209
4850.jpg,95,56,49,5,18,100,74
4983.jpg,626,294,49,0,48,626,342
4897.jpg,211,130,49,189,150,400,280
4981.jpg,317,170,49,3,70,320,240
4906.jpg,450,213,49,30,88,480,301
4907.jpg,500,260,49,0,36,500,296
4800.jpg,640,107,49,0,241,640,348
4931.jpg,456,260,49,0,220,456,480
4868.jpg,257,92,49,0,48,257,140
4814.jpg,120,48,49,0,24,120,72
4932.jpg,411,110,49,0,145,411,255
4997.jpg,640,453,50,0,8,640,461
4998.jpg,611,500,50,0,0,611,500
5049.jpg,350,276,50,0,49,350,325
9371.jpg,471,321,50,0,0,471,321
5088.jpg,678,506,50,43,94,721,600
11214.jpg,445,360,50,21,0,466,360
5016.jpg,352,265,50,33,35,385,300
9239.jpg,226,396,50,12,39,238,435
5022.jpg,320,240,50,0,0,320,240
11213.jpg,381,347,50,34,1,415,348
4996.jpg,330,233,50,0,12,330,245
5015.jpg,522,294,50,118,0,640,294
9373.jpg,477,360,50,3,0,480,360
5084.jpg,412,286,50,35,45,447,331
5038.jpg,640,340,50,0,48,640,388
5063.jpg,350,262,50,0,0,350,262
5045.jpg,288,240,50,0,0,288,240
5018.jpg,600,354,50,0,9,600,363
5082.jpg,485,319,50,0,14,485,333
5002.jpg,364,331,50,96,0,460,331
11207.jpg,288,450,50,0,0,288,450
5073.jpg,300,183,50,0,0,300,183
5055.jpg,438,337,50,70,0,508,337
11209.jpg,359,295,50,76,39,435,334
9372.jpg,420,345,50,0,15,420,360
4989.jpg,384,280,50,0,27,384,307
5007.jpg,401,338,50,49,0,450,338
5013.jpg,435,323,50,177,157,612,480
5001.jpg,288,271,50,0,28,288,299
5043.jpg,448,253,50,0,45,448,298
5009.jpg,308,252,50,0,0,308,252
11206.jpg,343,459,50,0,0,343,459
5081.jpg,572,416,50,68,64,640,480
5072.jpg,473,390,50,35,30,508,420
11215.jpg,390,348,50,9,12,399,360
5010.jpg,640,480,50,0,0,640,480
4993.jpg,240,190,50,0,44,240,234
5031.jpg,497,478,50,98,0,595,478
5053.jpg,400,300,50,0,0,400,300
5026.jpg,368,276,50,0,0,368,276
373.jpg,181,155,50,1,0,182,155
5064.jpg,340,247,50,0,0,340,247
5076.jpg,566,279,50,74,111,640,390
5054.jpg,640,410,50,0,70,640,480
5014.jpg,306,237,50,0,50,306,287
5041.jpg,320,240,50,0,0,320,240
5087.jpg,247,205,50,0,78,247,283
11219.jpg,359,324,50,61,9,420,333
5036.jpg,585,426,50,0,0,585,426
5029.jpg,480,629,50,0,0,480,629
5021.jpg,274,195,50,0,29,274,224
5012.jpg,351,264,50,0,27,351,291
5044.jpg,460,368,50,180,112,640,480
4990.jpg,300,285,50,0,9,300,294
9369.jpg,423,342,50,36,7,459,349
5066.jpg,600,450,50,0,0,600,450
5008.jpg,262,195,50,72,63,334,258
5003.jpg,340,300,50,0,0,340,300
11218.jpg,413,342,50,37,0,450,342
5069.jpg,315,300,50,0,0,315,300
5037.jpg,700,464,50,0,0,700,464
5019.jpg,384,288,50,0,0,384,288
5074.jpg,349,268,50,0,173,349,441
5039.jpg,368,298,50,15,2,383,300
5005.jpg,400,300,50,0,0,400,300
5011.jpg,370,276,50,30,0,400,276
5023.jpg,300,201,50,0,31,300,232
11216.jpg,448,315,50,0,0,448,315
9374.jpg,381,325,50,31,24,412,349
5060.jpg,226,182,50,0,40,226,222
5025.jpg,350,244,50,0,18,350,262
5042.jpg,397,299,50,19,0,416,299
5034.jpg,691,518,50,0,0,691,518
11211.jpg,360,374,50,0,74,360,448
5006.jpg,420,277,50,0,38,420,315
4994.jpg,640,480,50,0,0,640,480
5080.jpg,441,329,50,35,16,476,345
5040.jpg,320,239,50,80,61,400,300
5078.jpg,664,451,50,41,29,705,480
5086.jpg,339,280,50,81,55,420,335
5061.jpg,500,370,50,0,0,500,370
5048.jpg,364,237,50,13,3,377,240
5065.jpg,374,315,50,42,0,416,315
5000.jpg,400,300,50,0,0,400,300
5056.jpg,403,248,50,96,55,499,303
5058.jpg,302,216,50,2,24,304,240
5047.jpg,240,282,50,0,38,240,320
5030.jpg,672,576,50,96,0,768,576
5033.jpg,280,217,50,0,29,280,246
4995.jpg,720,478,50,0,0,720,478
4992.jpg,800,549,50,0,23,800,572
9376.jpg,345,304,50,84,42,429,346
5035.jpg,435,326,50,0,0,435,326
9370.jpg,355,323,50,63,10,418,333
5050.jpg,300,245,50,0,0,300,245
5070.jpg,300,376,50,0,0,300,376
9377.jpg,288,444,50,0,0,288,444
5090.jpg,583,392,51,114,46,697,438
5112.jpg,510,403,51,56,37,566,440
5159.jpg,415,299,51,0,66,415,365
5161.jpg,236,140,51,344,37,580,177
5180.jpg,179,137,51,133,61,312,198
5143.jpg,781,470,51,0,60,781,530
5150.jpg,145,128,51,74,66,219,194
5136.jpg,500,368,51,0,7,500,375
5166.jpg,398,330,51,77,35,475,365
5162.jpg,444,303,51,120,117,564,420
5117.jpg,313,221,51,67,52,380,273
5144.jpg,267,217,51,0,91,267,308
5164.jpg,402,258,51,69,108,471,366
15212.jpg,220,330,51,14,52,234,382
5107.jpg,487,391,51,13,185,500,576
5185.jpg,634,387,51,0,49,634,436
5146.jpg,506,391,51,56,58,562,449
5142.jpg,321,276,51,0,311,321,587
5160.jpg,497,285,51,1,76,498,361
5103.jpg,556,328,51,40,78,596,406
5093.jpg,480,205,51,0,72,480,277
5101.jpg,252,244,51,388,120,640,364
5111.jpg,347,412,51,1,24,348,436
5155.jpg,474,319,51,0,29,474,348
15537.jpg,376,391,51,0,58,376,449
5120.jpg,628,480,51,0,0,628,480
5125.jpg,584,435,51,16,22,600,457
5092.jpg,627,480,51,13,0,640,480
5100.jpg,403,270,51,3,23,406,293
5106.jpg,272,214,51,116,70,388,284
5095.jpg,320,234,51,0,6,320,240
5113.jpg,508,333,51,56,81,564,414
5171.jpg,316,215,51,16,85,332,300
5139.jpg,600,450,51,0,0,600,450
5156.jpg,226,235,51,222,33,448,268
5183.jpg,260,165,51,127,89,387,254
5187.jpg,715,544,51,14,56,729,600
5122.jpg,510,401,51,54,28,564,429
5145.jpg,179,99,51,175,216,354,315
5147.jpg,251,196,51,0,77,251,273
5154.jpg,369,321,51,45,13,414,334
5188.jpg,566,462,51,91,15,657,477
5184.jpg,352,244,51,78,77,430,321
15106.jpg,355,268,51,1,35,356,303
5109.jpg,264,173,51,106,32,370,205
5131.jpg,573,375,51,21,144,594,519
5153.jpg,640,384,51,0,60,640,444
5169.jpg,177,132,51,124,46,301,178
5170.jpg,319,176,51,73,78,392,254
5089.jpg,259,205,51,116,38,375,243
5102.jpg,648,430,51,0,0,648,430
5167.jpg,465,396,51,137,56,602,452
5124.jpg,701,480,51,64,11,765,491
5127.jpg,301,254,51,0,260,301,514
5121.jpg,337,223,51,59,48,396,271
10984.jpg,471,356,51,3,52,474,408
5140.jpg,400,310,51,0,110,400,420
5091.jpg,323,276,51,32,24,355,300
5104.jpg,751,550,51,25,9,776,559
5118.jpg,574,452,51,20,28,594,480
5108.jpg,404,242,51,49,51,453,293
5181.jpg,389,184,51,46,81,435,265
5116.jpg,266,215,51,46,0,312,215
5132.jpg,550,412,51,0,0,550,412
5115.jpg,287,213,51,201,204,488,417
5096.jpg,628,398,51,12,28,640,426
5114.jpg,400,286,51,0,14,400,300
5128.jpg,272,202,51,180,74,452,276
16685.jpg,314,200,51,304,45,618,245
5094.jpg,310,238,51,10,0,320,238
5182.jpg,373,199,51,77,81,450,280
5172.jpg,433,353,51,144,63,577,416
5119.jpg,575,358,51,2,0,577,358
5129.jpg,447,263,51,33,28,480,291
5149.jpg,154,130,51,156,56,310,186
5137.jpg,383,281,51,47,0,430,281
5099.jpg,477,333,51,0,0,477,333
5098.jpg,488,247,51,74,173,562,420
5141.jpg,424,336,51,0,2,424,338
5175.jpg,672,393,51,44,113,716,506
5176.jpg,458,358,51,42,8,500,366
5148.jpg,547,403,51,28,31,575,434
5151.jpg,476,332,51,96,49,572,381
5248.jpg,640,457,52,0,20,640,477
5221.jpg,640,350,52,0,130,640,480
5244.jpg,254,233,52,106,30,360,263
5198.jpg,242,253,52,89,140,331,393
5204.jpg,472,410,52,54,54,526,464
5225.jpg,420,303,52,56,53,476,356
5259.jpg,461,382,52,189,66,650,448
5243.jpg,500,375,52,0,0,500,375
5231.jpg,431,280,52,13,40,444,320
5232.jpg,451,196,52,0,48,451,244
5251.jpg,432,412,52,208,11,640,423
5190.jpg,750,542,52,0,0,750,542
5287.jpg,416,307,52,46,37,462,344
5220.jpg,640,250,52,0,230,640,480
5210.jpg,638,480,52,2,0,640,480
5249.jpg,342,238,52,45,88,387,326
5197.jpg,598,450,52,0,0,598,450
11372.jpg,382,323,52,36,37,418,360
5196.jpg,545,363,52,5,98,550,461
5247.jpg,358,284,52,57,51,415,335
5192.jpg,537,178,52,0,132,537,310
5214.jpg,447,312,52,3,1,450,313
5276.jpg,425,317,52,0,0,425,317
5219.jpg,368,308,52,166,192,534,500
5230.jpg,410,313,52,0,62,410,375
5284.jpg,560,422,52,40,237,600,659
5258.jpg,500,375,52,0,0,500,375
5263.jpg,640,389,52,0,60,640,449
5193.jpg,590,393,52,0,0,590,393
5252.jpg,398,315,52,5,11,403,326
5272.jpg,303,153,52,108,84,411,237
5224.jpg,322,375,52,38,0,360,375
5281.jpg,355,217,52,0,83,355,300
5199.jpg,481,332,52,0,18,481,350
5267.jpg,604,356,52,36,68,640,424
5211.jpg,504,363,52,60,3,564,366
5216.jpg,600,393,52,0,0,600,393
5201.jpg,183,157,52,127,69,310,226
5207.jpg,269,222,52,139,68,408,290
5283.jpg,243,210,52,0,105,243,315
5217.jpg,500,375,52,0,0,500,375
5250.jpg,509,312,52,3,72,512,384
5223.jpg,640,442,52,0,38,640,480
5256.jpg,598,440,52,40,0,638,440
5275.jpg,364,263,52,81,0,445,263
5212.jpg,348,332,52,0,132,348,464
5222.jpg,750,428,52,31,12,781,440
5253.jpg,480,640,52,0,0,480,640
5228.jpg,436,441,52,0,167,436,608
5245.jpg,275,176,52,85,120,360,296
5285.jpg,782,485,52,0,0,782,485
5218.jpg,329,295,52,121,13,450,308
5274.jpg,608,397,52,152,87,760,484
5189.jpg,397,297,52,30,0,427,297
5239.jpg,392,320,52,48,55,440,375
5269.jpg,500,324,52,16,2,516,326
5265.jpg,213,191,52,151,157,364,348
5195.jpg,413,352,52,87,23,500,375
5262.jpg,566,391,52,37,23,603,414
5234.jpg,640,480,52,0,0,640,480
5288.jpg,395,251,52,188,252,583,503
5209.jpg,600,504,52,0,0,600,504
13639.jpg,200,209,52,392,200,592,409
5240.jpg,433,331,52,0,17,433,348
5205.jpg,500,350,52,0,25,500,375
5215.jpg,491,414,52,89,30,580,444
5270.jpg,460,212,52,40,65,500,277
5206.jpg,450,338,52,0,0,450,338
5254.jpg,675,500,52,125,0,800,500
5202.jpg,477,219,52,13,91,490,310
5191.jpg,358,330,52,88,104,446,434
5235.jpg,388,276,52,35,41,423,317
5227.jpg,321,212,52,67,49,388,261
5242.jpg,600,408,52,0,0,600,408
5282.jpg,367,302,52,76,28,443,330
5194.jpg,349,273,52,0,126,349,399
5203.jpg,720,467,52,0,33,720,500
5273.jpg,410,213,52,0,68,410,281
5257.jpg,512,396,52,0,0,512,396
5264.jpg,423,280,52,137,124,560,404
5246.jpg,396,225,52,44,88,440,313
5322.jpg,407,420,53,173,0,580,420
5365.jpg,271,245,53,37,120,308,365
5289.jpg,420,382,53,76,0,496,382
5360.jpg,285,266,53,287,0,572,266
5292.jpg,432,393,53,138,0,570,393
5339.jpg,404,391,53,120,66,524,457
5347.jpg,146,157,53,208,16,354,173
5310.jpg,640,450,53,0,0,640,450
5311.jpg,404,400,53,145,28,549,428
5307.jpg,550,366,53,0,0,550,366
5317.jpg,593,266,53,32,0,625,266
5349.jpg,354,369,53,114,9,468,378
5306.jpg,354,318,53,140,68,494,386
5323.jpg,511,450,53,12,0,523,450
5373.jpg,205,223,53,157,82,362,305
5357.jpg,321,212,53,269,268,590,480
5340.jpg,341,258,53,172,54,513,312
5312.jpg,410,325,53,15,16,425,341
15650.jpg,141,122,53,367,55,508,177
5341.jpg,516,558,53,51,42,567,600
5364.jpg,243,241,53,72,25,315,266
10624.jpg,318,318,53,93,25,411,343
5367.jpg,325,304,53,90,32,415,336
5300.jpg,389,399,53,117,27,506,426
5354.jpg,548,488,53,204,18,752,506
5377.jpg,179,201,53,158,9,337,210
5291.jpg,559,388,53,12,91,571,479
5353.jpg,481,428,53,68,24,549,452
5302.jpg,531,480,53,66,0,597,480
5384.jpg,199,210,53,27,0,226,210
5344.jpg,464,459,53,176,9,640,468
5304.jpg,212,252,53,292,208,504,460
5316.jpg,625,480,53,0,0,625,480
5386.jpg,382,400,53,144,0,526,400
9096.jpg,308,243,53,97,57,405,300
5333.jpg,428,360,53,77,80,505,440
5352.jpg,358,400,53,190,62,548,462
5383.jpg,248,298,53,256,30,504,328
5309.jpg,283,278,53,165,27,448,305
5313.jpg,248,210,53,120,116,368,326
5335.jpg,494,467,53,181,43,675,510
5369.jpg,304,330,53,48,15,352,345
5334.jpg,367,485,53,186,80,553,565
5314.jpg,377,286,53,32,134,409,420
5293.jpg,469,476,53,143,24,612,500
13327.jpg,174,141,53,51,30,225,171
5325.jpg,489,480,53,73,0,562,480
5378.jpg,615,532,53,83,31,698,563
5381.jpg,249,241,53,176,26,425,267
5299.jpg,443,366,53,257,160,700,526
5368.jpg,395,334,53,55,41,450,375
5330.jpg,413,351,53,97,25,510,376
5370.jpg,190,259,53,73,8,263,267
5327.jpg,382,496,53,48,14,430,510
5315.jpg,456,375,53,10,0,466,375
5296.jpg,530,423,53,0,0,530,423
5359.jpg,508,344,53,56,104,564,448
5305.jpg,305,238,53,110,42,415,280
5329.jpg,536,484,53,96,24,632,508
5374.jpg,317,352,53,98,0,415,352
5290.jpg,294,295,53,109,5,403,300
5297.jpg,397,441,53,126,25,523,466
5298.jpg,301,278,53,140,428,441,706
5320.jpg,365,366,53,132,42,497,408
13318.jpg,132,134,53,18,166,150,300
5358.jpg,422,360,53,92,18,514,378
5387.jpg,532,485,53,3,99,535,584
5345.jpg,586,521,53,106,34,692,555
5342.jpg,456,454,53,73,26,529,480
5294.jpg,585,464,53,28,0,613,464
5351.jpg,385,335,53,45,87,430,422
13983.jpg,73,63,53,173,46,246,109
5337.jpg,157,112,53,164,117,321,229
5319.jpg,382,392,53,108,0,490,392
5348.jpg,180,212,53,224,100,404,312
5326.jpg,504,424,53,64,0,568,424
7327.jpg,157,144,53,6,153,163,297
5301.jpg,512,458,53,72,12,584,470
5346.jpg,132,151,53,241,46,373,197
5343.jpg,296,285,53,361,92,657,377
14439.jpg,330,321,53,66,170,396,491
5338.jpg,542,444,53,76,36,618,480
13746.jpg,82,59,53,460,24,542,83
5362.jpg,281,232,53,284,0,565,232
5318.jpg,279,291,53,137,42,416,333
5385.jpg,448,480,53,92,0,540,480
5411.jpg,406,284,54,118,69,524,353
13750.jpg,316,298,54,16,182,332,480
5430.jpg,431,393,54,109,8,540,401
5389.jpg,386,291,54,12,6,398,297
5451.jpg,375,460,54,0,0,375,460
5443.jpg,285,219,54,108,81,393,300
5482.jpg,567,397,54,33,0,600,397
14364.jpg,275,259,54,168,276,443,535
5478.jpg,500,375,54,0,0,500,375
14582.jpg,511,605,54,36,75,547,680
5440.jpg,195,204,54,23,3,218,207
15367.jpg,439,278,54,361,273,800,551
5483.jpg,361,452,54,0,48,361,500
14039.jpg,310,233,54,118,0,428,233
5462.jpg,471,409,54,80,0,551,409
5416.jpg,368,280,54,49,45,417,325
5426.jpg,537,480,54,76,0,613,480
5474.jpg,411,338,54,0,0,411,338
15653.jpg,116,145,54,0,103,116,248
5401.jpg,498,352,54,152,78,650,430
5405.jpg,207,182,54,102,36,309,218
5485.jpg,346,373,54,47,2,393,375
5424.jpg,500,375,54,0,0,500,375
11130.jpg,336,400,54,24,9,360,409
5441.jpg,490,325,54,0,50,490,375
5408.jpg,297,303,54,3,64,300,367
5433.jpg,540,359,54,48,58,588,417
5471.jpg,517,600,54,188,0,705,600
5467.jpg,406,251,54,26,47,432,298
5419.jpg,423,228,54,32,35,455,263
5407.jpg,500,333,54,0,0,500,333
5469.jpg,435,277,54,30,63,465,340
5438.jpg,411,360,54,30,0,441,360
5436.jpg,292,240,54,10,15,302,255
5437.jpg,391,326,54,30,0,421,326
5487.jpg,320,327,54,73,0,393,327
5473.jpg,392,286,54,10,2,402,288
5422.jpg,335,222,54,0,20,335,242
5459.jpg,294,230,54,32,35,326,265
5448.jpg,732,569,54,31,18,763,587
14671.jpg,328,207,54,8,10,336,217
15831.jpg,233,254,54,367,18,600,272
5399.jpg,769,576,54,31,0,800,576
5429.jpg,375,300,54,13,0,388,300
5402.jpg,470,364,54,0,0,470,364
5415.jpg,451,365,54,9,8,460,373
16217.jpg,266,239,54,6,207,272,446
5466.jpg,584,480,54,56,0,640,480
5398.jpg,390,217,54,85,70,475,287
5447.jpg,376,393,54,24,99,400,492
5431.jpg,462,335,54,72,52,534,387
5463.jpg,210,117,54,0,18,210,135
5456.jpg,612,480,54,28,0,640,480
5457.jpg,485,375,54,0,0,485,375
5428.jpg,290,237,54,70,0,360,237
5449.jpg,290,200,54,40,14,330,214
5404.jpg,640,472,54,0,0,640,472
5480.jpg,370,363,54,30,253,400,616
5432.jpg,353,245,54,35,25,388,270
5400.jpg,636,337,54,0,49,636,386
5418.jpg,310,253,54,23,0,333,253
5393.jpg,324,224,54,20,0,344,224
5484.jpg,290,333,54,100,25,390,358
5427.jpg,498,290,54,10,35,508,325
5396.jpg,672,528,54,72,44,744,572
5479.jpg,392,299,54,0,14,392,313
5403.jpg,640,458,54,0,22,640,480
5481.jpg,448,395,54,100,31,548,426
5434.jpg,398,384,54,101,0,499,384
14239.jpg,127,92,54,123,0,250,92
5406.jpg,301,235,54,44,8,345,243
5391.jpg,375,245,54,25,22,400,267
5394.jpg,339,268,54,0,27,339,295
5488.jpg,301,221,54,7,23,308,244
14503.jpg,258,236,54,2,26,260,262
5414.jpg,418,357,54,53,3,471,360
14574.jpg,476,516,54,0,13,476,529
5446.jpg,474,375,54,7,0,481,375
5435.jpg,547,344,54,86,114,633,458
13639.jpg,267,140,54,233,33,500,173
5454.jpg,409,346,54,52,0,461,346
5390.jpg,317,330,54,11,120,328,450
14594.jpg,65,77,54,96,230,161,307
5412.jpg,379,294,54,0,6,379,300
15089.jpg,233,239,54,0,9,233,248
5477.jpg,333,365,54,0,100,333,465
5395.jpg,436,234,54,14,53,450,287
5458.jpg,385,272,54,53,0,438,272
14619.jpg,252,236,54,12,32,264,268
5409.jpg,213,247,54,132,21,345,268
5442.jpg,339,300,54,57,0,396,300
5453.jpg,337,249,54,58,28,395,277
5423.jpg,320,238,54,0,2,320,240
5465.jpg,306,301,54,100,125,406,426
9348.jpg,330,285,55,78,27,408,312
5576.jpg,512,254,55,8,113,520,367
11317.jpg,84,117,55,126,90,210,207
15113.jpg,176,226,55,120,122,296,348
5557.jpg,246,230,55,70,16,316,246
15875.jpg,96,138,55,302,177,398,315
13719.jpg,120,70,55,318,0,438,70
5535.jpg,291,261,55,0,102,291,363
5551.jpg,500,289,55,0,6,500,295
5503.jpg,372,254,55,24,0,396,254
10995.jpg,400,287,55,0,40,400,327
5550.jpg,500,375,55,0,0,500,375
13754.jpg,318,155,55,78,10,396,165
14806.jpg,214,172,55,25,0,239,172
14829.jpg,64,135,55,94,177,158,312
5523.jpg,141,120,55,19,93,160,213
15415.jpg,109,113,55,165,75,274,188
5560.jpg,281,224,55,18,29,299,253
5534.jpg,115,127,55,30,25,145,152
10571.jpg,357,453,55,1,24,358,477
9043.jpg,232,270,55,8,36,240,306
5515.jpg,295,195,55,0,48,295,243
5582.jpg,516,400,55,53,62,569,462
5507.jpg,300,258,55,0,0,300,258
10845.jpg,234,133,55,0,75,234,208
5558.jpg,404,339,55,44,22,448,361
14914.jpg,632,340,55,8,52,640,392
5521.jpg,124,103,55,19,35,143,138
5564.jpg,387,344,55,6,5,393,349
16259.jpg,436,393,55,96,18,532,411
11178.jpg,114,73,55,366,0,480,73
5583.jpg,408,368,55,53,7,461,375
5506.jpg,286,186,55,0,30,286,216
5498.jpg,291,179,55,6,30,297,209
5494.jpg,386,218,55,10,78,396,296
5544.jpg,265,180,55,26,50,291,230
5516.jpg,119,151,55,46,0,165,151
5508.jpg,409,333,55,46,27,455,360
11196.jpg,372,326,55,63,13,435,339
5546.jpg,500,333,55,0,0,500,333
5512.jpg,153,108,55,12,13,165,121
11554.jpg,432,266,55,36,43,468,309
14966.jpg,238,180,55,44,0,282,180
11156.jpg,150,134,55,192,142,342,276
5504.jpg,353,275,55,36,0,389,275
14040.jpg,203,154,55,220,126,423,280
5555.jpg,241,178,55,56,45,297,223
5570.jpg,280,236,55,0,101,280,337
11527.jpg,474,267,55,1,1,475,268
5533.jpg,115,77,55,11,56,126,133
9111.jpg,170,284,55,52,16,222,300
5511.jpg,212,150,55,54,56,266,206
14909.jpg,124,156,55,476,52,600,208
16287.jpg,244,210,55,303,208,547,418
5562.jpg,365,283,55,20,12,385,295
16279.jpg,177,202,55,3,226,180,428
5572.jpg,432,373,55,93,30,525,403
5510.jpg,302,220,55,2,12,304,232
5493.jpg,336,314,55,304,20,640,334
14916.jpg,224,247,55,360,153,584,400
5538.jpg,201,142,55,38,62,239,204
14006.jpg,118,103,55,54,21,172,124
14002.jpg,180,228,55,152,8,332,236
11431.jpg,240,323,55,132,19,372,342
5499.jpg,320,226,55,0,4,320,230
5490.jpg,378,300,55,0,0,378,300
5505.jpg,244,227,55,12,177,256,404
11374.jpg,277,297,55,81,36,358,333
5579.jpg,352,296,55,15,4,367,300
15507.jpg,214,141,55,40,339,254,480
14811.jpg,608,480,55,0,0,608,480
5489.jpg,292,354,55,18,98,310,452
5548.jpg,333,360,55,0,140,333,500
5563.jpg,460,306,55,83,74,543,380
11552.jpg,397,298,55,51,3,448,301
11255.jpg,350,390,55,7,4,357,394
5566.jpg,473,349,55,25,8,498,357
5567.jpg,398,435,55,2,44,400,479
10638.jpg,219,286,55,27,18,246,304
5554.jpg,423,345,55,67,0,490,345
5587.jpg,451,390,55,30,38,481,428
14992.jpg,322,185,55,388,140,710,325
5530.jpg,320,230,55,0,0,320,230
5495.jpg,230,124,55,52,0,282,124
14412.jpg,145,100,55,541,267,686,367
5497.jpg,139,120,55,55,44,194,164
14490.jpg,264,272,55,4,161,268,433
5580.jpg,342,239,55,58,61,400,300
5586.jpg,728,582,55,16,18,744,600
5581.jpg,336,279,55,87,9,423,288
14987.jpg,138,214,55,120,178,258,392
5522.jpg,156,156,55,26,2,182,158
5559.jpg,400,254,55,0,42,400,296
5578.jpg,336,206,55,58,81,394,287
5553.jpg,500,375,55,0,0,500,375
5496.jpg,320,240,55,0,0,320,240
5520.jpg,184,111,55,15,23,199,134
14071.jpg,105,87,55,591,131,696,218
5492.jpg,133,112,55,37,24,170,136
5565.jpg,287,408,55,53,128,340,536
5526.jpg,229,300,55,0,0,229,300
11223.jpg,380,228,55,28,87,408,315
14828.jpg,392,388,55,248,52,640,440
5574.jpg,309,290,55,31,70,340,360
5545.jpg,335,290,55,0,210,335,500
5552.jpg,500,375,55,0,0,500,375
5514.jpg,234,240,55,34,0,268,240
5571.jpg,408,360,55,84,90,492,450
14348.jpg,257,160,55,23,225,280,385
5513.jpg,299,309,55,2,32,301,341
5577.jpg,400,300,55,0,0,400,300
13973.jpg,494,420,55,42,6,536,426
5584.jpg,277,260,55,70,1,347,261
5549.jpg,500,238,55,0,95,500,333
14053.jpg,214,200,55,31,301,245,501
5536.jpg,291,209,55,0,23,291,232
5501.jpg,233,253,55,0,56,233,309
5500.jpg,800,778,55,0,0,800,778
5561.jpg,442,388,55,0,11,442,399
5543.jpg,210,184,55,62,28,272,212
5540.jpg,292,274,55,23,0,315,274
13885.jpg,588,197,55,83,211,671,408
5509.jpg,320,240,55,0,0,320,240
5573.jpg,262,205,55,25,100,287,305
5631.jpg,400,254,56,0,41,400,295
5637.jpg,250,113,56,0,26,250,139
5638.jpg,592,480,56,0,0,592,480
1520.jpg,366,317,56,49,16,415,333
5655.jpg,236,184,56,40,44,276,228
5630.jpg,186,158,56,0,0,186,158
5670.jpg,395,292,56,343,219,738,511
13893.jpg,99,88,56,93,78,192,166
5644.jpg,262,300,56,69,0,331,300
5591.jpg,242,131,56,28,34,270,165
5605.jpg,786,471,56,0,57,786,528
14867.jpg,300,248,56,314,104,614,352
15366.jpg,338,211,56,238,235,576,446
5682.jpg,181,126,56,21,18,202,144
15148.jpg,234,153,56,294,144,528,297
5661.jpg,454,318,56,0,59,454,377
5590.jpg,334,172,56,66,107,400,279
15123.jpg,219,188,56,301,100,520,288
14799.jpg,314,278,56,246,36,560,314
5673.jpg,210,221,56,0,45,210,266
15832.jpg,254,140,56,141,131,395,271
5688.jpg,254,124,56,22,68,276,192
13992.jpg,274,190,56,258,98,532,288
5666.jpg,177,148,56,18,9,195,157
5597.jpg,396,182,56,25,99,421,281
14388.jpg,216,154,56,164,102,380,256
5592.jpg,354,272,56,39,220,393,492
14698.jpg,272,246,56,236,220,508,466
5642.jpg,171,111,56,15,34,186,145
16691.jpg,286,317,56,82,112,368,429
5615.jpg,364,281,56,174,92,538,373
14890.jpg,320,169,56,45,186,365,355
5636.jpg,154,100,56,14,41,168,141
5632.jpg,278,168,56,34,26,312,194
11573.jpg,162,84,56,216,114,378,198
5659.jpg,387,246,56,85,100,472,346
5639.jpg,640,480,56,0,0,640,480
72.jpg,352,168,56,211,175,563,343
14767.jpg,415,288,56,260,115,675,403
5594.jpg,284,139,56,33,124,317,263
14526.jpg,641,347,56,0,43,641,390
5676.jpg,210,150,56,0,0,210,150
5596.jpg,339,166,56,0,121,339,287
5589.jpg,502,243,56,52,170,554,413
5680.jpg,640,249,56,0,192,640,441
5599.jpg,292,258,56,137,114,429,372
5626.jpg,440,284,56,0,100,440,384
5667.jpg,500,375,56,0,0,500,375
7263.jpg,224,183,56,436,243,660,426
16675.jpg,244,122,56,131,96,375,218
5646.jpg,600,381,56,0,219,600,600
5683.jpg,800,443,56,0,100,800,543
14051.jpg,385,142,56,95,131,480,273
9262.jpg,218,327,56,58,33,276,360
13776.jpg,156,186,56,484,150,640,336
5627.jpg,146,71,56,8,57,154,128
5629.jpg,601,244,56,21,114,622,358
5625.jpg,273,225,56,4,0,277,225
5635.jpg,236,162,56,16,44,252,206
5674.jpg,800,600,56,0,0,800,600
5643.jpg,600,450,56,0,0,600,450
15065.jpg,292,164,56,175,133,467,297
9151.jpg,342,193,56,39,99,381,292
5611.jpg,187,69,56,39,69,226,138
11167.jpg,138,129,56,75,111,213,240
5671.jpg,211,164,56,125,106,336,270
14651.jpg,270,148,56,256,112,526,260
5647.jpg,145,76,56,21,45,166,121
5685.jpg,510,422,56,147,25,657,447
5665.jpg,186,97,56,28,46,214,143
37.jpg,260,118,56,0,152,260,270
5617.jpg,442,296,56,92,25,534,321
5593.jpg,427,312,56,133,220,560,532
5633.jpg,260,174,56,44,54,304,228
14263.jpg,128,57,56,104,80,232,137
5612.jpg,266,194,56,0,6,266,200
5672.jpg,133,62,56,0,27,133,89
5603.jpg,204,105,56,21,54,225,159
5668.jpg,534,315,56,212,197,746,512
5623.jpg,368,248,56,32,51,400,299
5602.jpg,296,202,56,0,35,296,237
5628.jpg,284,132,56,36,80,320,212
5653.jpg,121,64,56,34,53,155,117
5621.jpg,350,219,56,0,0,350,219
16191.jpg,272,165,56,197,108,469,273
5678.jpg,189,251,56,0,15,189,266
5663.jpg,233,148,56,7,21,240,169
5610.jpg,224,118,56,54,84,278,202
5651.jpg,142,67,56,0,30,142,97
5657.jpg,185,166,56,49,21,234,187
5609.jpg,230,180,56,90,140,320,320
5614.jpg,172,125,56,23,33,195,158
5660.jpg,108,108,56,19,10,127,118
5613.jpg,155,87,56,55,62,210,149
5652.jpg,125,67,56,31,49,156,116
5687.jpg,239,140,56,83,98,322,238
5606.jpg,160,79,56,0,41,160,120
5618.jpg,164,84,56,106,82,270,166
5604.jpg,151,158,56,59,0,210,158
14249.jpg,113,56,56,97,24,210,80
5679.jpg,365,140,56,10,0,375,140
5681.jpg,197,136,56,13,22,210,158
5686.jpg,175,86,56,35,72,210,158
11694.jpg,321,192,56,445,243,766,435
5619.jpg,189,129,56,66,39,255,168
15542.jpg,203,190,56,246,15,449,205
5622.jpg,320,194,56,0,46,320,240
5624.jpg,151,136,56,48,24,199,160
16686.jpg,232,142,56,222,130,454,272
15373.jpg,180,113,56,225,88,405,201
5616.jpg,146,75,56,31,52,177,127
5749.jpg,335,279,57,43,153,378,432
5690.jpg,498,336,57,52,42,550,378
5695.jpg,472,364,57,88,72,560,436
5716.jpg,324,212,57,33,29,357,241
5784.jpg,388,450,57,12,76,400,526
5764.jpg,220,175,57,71,98,291,273
5693.jpg,361,206,57,45,76,406,282
5697.jpg,234,140,57,226,96,460,236
5765.jpg,215,198,57,24,126,239,324
5714.jpg,368,261,57,10,18,378,279
5725.jpg,288,227,57,15,172,303,399
15789.jpg,131,95,57,106,96,237,191
5734.jpg,410,311,57,5,0,415,311
5724.jpg,293,207,57,39,45,332,252
5774.jpg,344,260,57,28,16,372,276
5785.jpg,370,317,57,22,0,392,317
5773.jpg,303,312,57,24,18,327,330
5702.jpg,419,418,57,133,2,552,420
5735.jpg,378,159,57,28,69,406,228
5743.jpg,271,221,57,79,42,350,263
5744.jpg,292,227,57,28,57,320,284
5730.jpg,334,214,57,5,27,339,241
5719.jpg,236,179,57,80,68,316,247
5762.jpg,277,213,57,106,50,383,263
5775.jpg,301,172,57,66,60,367,232
5759.jpg,329,324,57,0,54,329,378
5753.jpg,254,166,57,121,129,375,295
5782.jpg,333,204,57,60,102,393,306
5742.jpg,441,451,57,318,80,759,531
5717.jpg,227,196,57,22,96,249,292
5740.jpg,580,561,57,56,8,636,569
5770.jpg,255,278,57,17,58,272,336
5704.jpg,240,193,57,29,73,269,266
5718.jpg,232,275,57,22,93,254,368
5772.jpg,372,244,57,11,8,383,252
5691.jpg,365,243,57,17,24,382,267
5746.jpg,291,199,57,68,56,359,255
5754.jpg,343,274,57,36,20,379,294
5709.jpg,221,170,57,10,132,231,302
5689.jpg,211,214,57,44,77,255,291
5756.jpg,492,299,57,60,86,552,385
5731.jpg,188,176,57,75,24,263,200
5707.jpg,497,331,57,38,65,535,396
5705.jpg,354,242,57,12,15,366,257
5767.jpg,268,248,57,4,53,272,301
5757.jpg,311,220,57,22,30,333,250
5750.jpg,400,300,57,0,0,400,300
5728.jpg,360,249,57,27,51,387,300
5701.jpg,540,542,57,183,12,723,554
5788.jpg,194,131,57,85,79,279,210
5745.jpg,338,255,57,5,282,343,537
5739.jpg,260,304,57,2,43,262,347
5699.jpg,409,361,57,60,112,469,473
5763.jpg,303,226,57,41,32,344,258
5732.jpg,192,128,57,87,54,279,182
5703.jpg,236,209,57,29,73,265,282
5781.jpg,357,238,57,21,36,378,274
5692.jpg,382,295,57,53,38,435,333
5712.jpg,394,216,57,57,95,451,311
5722.jpg,281,161,57,55,73,336,234
5787.jpg,263,176,57,47,87,310,263
5758.jpg,343,213,57,0,43,343,256
5727.jpg,279,244,57,41,14,320,258
5748.jpg,368,227,57,21,36,389,263
5694.jpg,237,226,57,72,26,309,252
5751.jpg,424,317,57,9,6,433,323
5752.jpg,196,105,57,176,12,372,117
5711.jpg,460,334,57,207,129,667,463
5783.jpg,329,161,57,40,72,369,233
5696.jpg,308,231,57,74,40,382,271
15335.jpg,160,138,57,276,108,436,246
5747.jpg,400,329,57,104,76,504,405
5698.jpg,204,153,57,70,217,274,370
5776.jpg,332,287,57,73,55,405,342
5723.jpg,387,222,57,46,51,433,273
5710.jpg,237,249,57,32,40,269,289
5715.jpg,430,293,57,210,53,640,346
5721.jpg,540,360,57,22,76,562,436
5720.jpg,209,118,57,89,103,298,221
5706.jpg,469,281,57,61,128,530,409
5769.jpg,549,476,57,140,51,689,527
5804.jpg,253,102,58,25,198,278,300
5843.jpg,296,240,58,69,3,365,243
5824.jpg,245,93,58,131,103,376,196
5849.jpg,480,190,58,83,61,563,251
5796.jpg,270,245,58,130,53,400,298
5803.jpg,359,188,58,2,42,361,230
5816.jpg,184,70,58,24,50,208,120
5835.jpg,222,111,58,233,53,455,164
5876.jpg,542,196,58,159,53,701,249
5880.jpg,800,438,58,0,116,800,554
5884.jpg,212,140,58,105,77,317,217
5823.jpg,283,228,58,25,25,308,253
5883.jpg,280,261,58,0,21,280,282
5855.jpg,373,166,58,23,92,396,258
5844.jpg,400,250,58,0,24,400,274
5807.jpg,402,325,58,18,0,420,325
5794.jpg,326,191,58,7,91,333,282
5842.jpg,375,336,58,0,30,375,366
5840.jpg,393,165,58,0,168,393,333
5814.jpg,250,126,58,0,130,250,256
5825.jpg,235,299,58,45,26,280,325
13787.jpg,235,130,58,273,273,508,403
5815.jpg,300,252,58,0,0,300,252
5831.jpg,318,193,58,60,78,378,271
5866.jpg,452,324,58,85,57,537,381
5836.jpg,194,73,58,88,105,282,178
13389.jpg,294,332,58,346,128,640,460
5813.jpg,332,202,58,74,60,406,262
5808.jpg,390,195,58,0,28,390,223
5821.jpg,478,330,58,17,28,495,358
14668.jpg,356,230,58,200,217,556,447
5837.jpg,520,257,58,0,82,520,339
5839.jpg,295,141,58,85,156,380,297
13774.jpg,278,118,58,122,224,400,342
13747.jpg,206,127,58,124,27,330,154
5850.jpg,333,196,58,90,58,423,254
5888.jpg,264,179,58,65,223,329,402
5865.jpg,435,184,58,0,43,435,227
13705.jpg,284,138,58,84,0,368,138
5885.jpg,280,177,58,0,7,280,184
5862.jpg,300,225,58,0,0,300,225
5789.jpg,318,237,58,89,57,407,294
5872.jpg,397,263,58,0,37,397,300
10944.jpg,358,436,58,0,12,358,448
5833.jpg,153,89,58,96,72,249,161
5817.jpg,531,436,58,77,0,608,436
5791.jpg,600,372,58,40,35,640,407
5798.jpg,337,229,58,0,56,337,285
5828.jpg,500,306,58,0,40,500,346
5812.jpg,424,256,58,216,0,640,256
5875.jpg,217,110,58,61,19,278,129
5832.jpg,400,233,58,0,43,400,276
5802.jpg,281,273,58,53,43,334,316
5810.jpg,632,467,58,8,2,640,469
5858.jpg,602,624,58,0,4,602,628
5868.jpg,325,157,58,3,65,328,222
14402.jpg,290,272,58,270,166,560,438
5860.jpg,314,192,58,0,8,314,200
5887.jpg,450,260,58,0,66,450,326
5790.jpg,155,243,58,48,63,203,306
5838.jpg,327,225,58,69,78,396,303
5881.jpg,640,274,58,0,54,640,328
5805.jpg,413,230,58,287,207,700,437
5882.jpg,442,312,58,0,27,442,339
5800.jpg,383,307,58,26,0,409,307
14074.jpg,335,189,58,303,346,638,535
5809.jpg,398,210,58,2,78,400,288
5841.jpg,632,349,58,8,60,640,409
5795.jpg,528,480,58,52,0,580,480
5846.jpg,320,228,58,0,0,320,228
5827.jpg,273,105,58,71,110,344,215
5863.jpg,412,234,58,45,72,457,306
5820.jpg,400,266,58,0,0,400,266
5847.jpg,104,210,58,136,110,240,320
5852.jpg,580,394,58,0,0,580,394
5871.jpg,352,209,58,92,18,444,227
5856.jpg,236,207,58,52,28,288,235
5792.jpg,360,185,58,0,295,360,480
5811.jpg,431,188,58,0,16,431,204
5851.jpg,342,181,58,28,76,370,257
5818.jpg,537,354,58,52,70,589,424
5857.jpg,253,266,58,147,34,400,300
5845.jpg,235,236,58,0,15,235,251
5867.jpg,308,240,58,2,0,310,240
5874.jpg,564,362,58,36,37,600,399
5799.jpg,556,319,58,0,53,556,372
5797.jpg,235,175,58,135,200,370,375
5950.jpg,240,194,59,12,14,252,208
5954.jpg,225,300,59,0,0,225,300
5890.jpg,138,123,59,24,13,162,136
16720.jpg,562,375,59,60,42,622,417
16785.jpg,366,272,59,21,13,387,285
9201.jpg,398,331,59,47,11,445,342
14291.jpg,372,409,59,88,56,460,465
5925.jpg,446,341,59,105,56,551,397
5929.jpg,209,156,59,21,9,230,165
5939.jpg,274,232,59,25,0,299,232
5974.jpg,316,234,59,9,8,325,242
5961.jpg,311,231,59,15,10,326,241
5896.jpg,323,242,59,0,0,323,242
5912.jpg,228,193,59,36,8,264,201
5926.jpg,450,337,59,0,0,450,337
5918.jpg,203,161,59,12,13,215,174
5962.jpg,250,188,59,0,0,250,188
5893.jpg,350,262,59,0,0,350,262
5909.jpg,280,210,59,0,0,280,210
5981.jpg,546,360,59,0,60,546,420
5941.jpg,286,212,59,6,5,292,217
10835.jpg,456,360,59,0,0,456,360
5952.jpg,400,300,59,0,0,400,300
5966.jpg,320,240,59,0,0,320,240
5965.jpg,640,480,59,0,0,640,480
5931.jpg,296,195,59,4,4,300,199
13764.jpg,244,230,59,176,176,420,406
5901.jpg,188,139,59,10,0,198,139
5930.jpg,640,480,59,0,0,640,480
5903.jpg,146,108,59,16,12,162,120
16776.jpg,623,413,59,0,49,623,462
5943.jpg,250,167,59,0,0,250,167
5906.jpg,250,216,59,0,20,250,236
5984.jpg,320,240,59,0,0,320,240
5936.jpg,640,480,59,0,0,640,480
5902.jpg,300,225,59,0,0,300,225
5919.jpg,250,254,59,0,40,250,294
5922.jpg,260,238,59,0,0,260,238
5904.jpg,630,387,59,0,61,630,448
15410.jpg,190,207,59,88,195,278,402
5932.jpg,416,280,59,31,33,447,313
5985.jpg,448,336,59,0,0,448,336
5956.jpg,197,148,59,0,0,197,148
5949.jpg,264,163,59,9,24,273,187
5894.jpg,321,236,59,66,23,387,259
5899.jpg,250,189,59,0,36,250,225
5889.jpg,230,134,59,0,18,230,152
5957.jpg,350,214,59,0,49,350,263
5910.jpg,250,200,59,0,0,250,200
5915.jpg,109,74,59,23,28,132,102
5977.jpg,305,212,59,48,28,353,240
5907.jpg,302,224,59,10,9,312,233
5951.jpg,196,147,59,0,0,196,147
5940.jpg,640,480,59,0,0,640,480
5969.jpg,384,288,59,0,0,384,288
13978.jpg,244,228,59,396,162,640,390
5982.jpg,545,358,59,0,62,545,420
5959.jpg,201,172,59,50,12,251,184
5978.jpg,190,129,59,5,15,195,144
12653.jpg,150,96,59,263,1,413,97
13243.jpg,198,176,59,136,14,334,190
5937.jpg,227,179,59,0,0,227,179
5986.jpg,477,392,59,0,0,477,392
5908.jpg,203,152,59,0,0,203,152
16765.jpg,545,350,59,3,65,548,415
5968.jpg,299,213,59,20,24,319,237
5944.jpg,237,177,59,16,9,253,186
5927.jpg,468,280,59,0,124,468,404
5935.jpg,355,301,59,45,0,400,301
5921.jpg,240,144,59,0,28,240,172
5914.jpg,88,91,59,3,22,91,113
4337.jpg,183,157,59,218,14,401,171
16695.jpg,315,298,59,321,52,636,350
5917.jpg,384,291,59,96,0,480,291
5980.jpg,287,278,59,60,32,347,310
5946.jpg,186,127,59,29,32,215,159
5911.jpg,280,187,59,0,0,280,187
5934.jpg,436,327,59,0,0,436,327
5897.jpg,212,161,59,24,16,236,177
5938.jpg,277,198,59,0,15,277,213
5972.jpg,320,240,59,0,0,320,240
5983.jpg,260,195,59,0,0,260,195
5945.jpg,250,200,59,0,0,250,200
5898.jpg,250,209,59,0,22,250,231
5988.jpg,367,285,59,0,25,367,310
10732.jpg,418,347,59,33,7,451,354
5905.jpg,162,106,59,15,28,177,134
5933.jpg,176,144,59,0,0,176,144
5892.jpg,160,120,59,0,0,160,120
5891.jpg,246,141,59,2,23,248,164
5970.jpg,350,231,59,0,32,350,263
5960.jpg,146,106,59,0,54,146,160
6032.jpg,123,115,60,0,19,123,134
6021.jpg,131,117,60,86,46,217,163
6056.jpg,168,133,60,54,87,222,220
5996.jpg,422,188,60,52,47,474,235
9137.jpg,315,129,60,138,163,453,292
6008.jpg,480,320,60,0,0,480,320
6068.jpg,194,135,60,156,143,350,278
6043.jpg,520,306,60,0,44,520,350
6082.jpg,259,145,60,40,76,299,221
5999.jpg,229,141,60,34,31,263,172
15363.jpg,158,115,60,48,51,206,166
6034.jpg,245,144,60,5,33,250,177
6028.jpg,524,396,60,63,35,587,431
6080.jpg,210,143,60,3,19,213,162
6006.jpg,355,187,60,33,71,388,258
16590.jpg,221,168,60,205,115,426,283
6001.jpg,346,301,60,30,65,376,366
5991.jpg,157,140,60,15,15,172,155
6079.jpg,487,450,60,57,0,544,450
13704.jpg,178,128,60,304,19,482,147
6004.jpg,470,370,60,30,0,500,370
15763.jpg,214,114,60,228,180,442,294
6014.jpg,277,133,60,75,65,352,198
6087.jpg,190,139,60,25,0,215,139
15189.jpg,123,102,60,411,172,534,274
6011.jpg,99,56,60,0,7,99,63
6070.jpg,92,58,60,2,9,94,67
6020.jpg,176,119,60,40,88,216,207
6038.jpg,172,104,60,47,68,219,172
6064.jpg,128,83,60,22,44,150,127
6044.jpg,115,93,60,6,27,121,120
6017.jpg,139,117,60,74,27,213,144
13790.jpg,152,159,60,341,93,493,252
6009.jpg,216,138,60,31,39,247,177
6048.jpg,118,110,60,36,16,154,126
9197.jpg,213,131,60,67,163,280,294
5998.jpg,203,143,60,52,71,255,214
15891.jpg,195,205,60,41,125,236,330
6040.jpg,242,172,60,10,12,252,184
6057.jpg,200,147,60,82,121,282,268
6035.jpg,208,160,60,8,0,216,160
6041.jpg,233,160,60,42,33,275,193
33.jpg,179,76,60,242,210,421,286
16008.jpg,175,133,60,352,186,527,319
14289.jpg,175,208,60,443,268,618,476
14289.jpg,101,166,60,605,278,706,444
15188.jpg,165,144,60,297,119,462,263
6029.jpg,499,305,60,91,195,590,500
6002.jpg,155,112,60,50,187,205,299
6036.jpg,300,177,60,0,0,300,177
9141.jpg,159,105,60,138,217,297,322
13792.jpg,112,138,60,332,120,444,258
5989.jpg,163,108,60,4,8,167,116
6030.jpg,451,249,60,128,109,579,358
6023.jpg,159,103,60,69,27,228,130
14015.jpg,200,148,60,268,60,468,208
6078.jpg,140,100,60,136,54,276,154
6069.jpg,640,363,60,0,117,640,480
6060.jpg,342,222,60,14,65,356,287
6037.jpg,178,103,60,43,59,221,162
6067.jpg,64,70,60,11,36,75,106
5997.jpg,95,96,60,71,55,166,151
6033.jpg,533,349,60,57,81,590,430
6010.jpg,169,122,60,68,44,237,166
6007.jpg,273,165,60,93,74,366,239
6051.jpg,132,99,60,84,84,216,183
6071.jpg,150,100,60,31,26,181,126
5993.jpg,213,150,60,30,48,243,198
15506.jpg,84,102,60,191,321,275,423
6084.jpg,173,131,60,23,16,196,147
14235.jpg,70,43,60,142,30,212,73
6022.jpg,403,274,60,99,78,502,352
6016.jpg,106,66,60,33,70,139,136
6088.jpg,277,134,60,117,82,394,216
6052.jpg,140,118,60,208,128,348,246
13781.jpg,260,180,60,300,96,560,276
6081.jpg,277,176,60,21,100,298,276
5992.jpg,144,107,60,59,110,203,217
5994.jpg,516,310,60,62,96,578,406
9205.jpg,243,168,60,72,132,315,300
5990.jpg,110,68,60,41,42,151,110
6031.jpg,240,149,60,31,115,271,264
9212.jpg,279,357,60,51,75,330,432
10743.jpg,180,204,60,60,184,240,388
6062.jpg,180,151,60,105,31,285,182
6027.jpg,250,205,60,0,0,250,205
6018.jpg,144,116,60,16,34,160,150
14071.jpg,233,166,60,288,100,521,266
6047.jpg,174,117,60,14,20,188,137
6024.jpg,138,96,60,9,27,147,123
15402.jpg,238,170,60,218,166,456,336
6019.jpg,500,285,60,0,140,500,425
6077.jpg,200,136,60,0,0,200,136
7293.jpg,320,160,60,110,280,430,440
6026.jpg,498,300,60,21,40,519,340
6086.jpg,447,211,60,0,69,447,280
14348.jpg,187,157,60,278,223,465,380
16164.jpg,157,135,60,141,254,298,389
15946.jpg,221,159,60,76,3,297,162
6085.jpg,216,105,60,18,46,234,151
15168.jpg,146,75,60,300,240,446,315
16641.jpg,257,208,60,321,173,578,381
6058.jpg,143,76,60,10,53,153,129
6049.jpg,210,141,60,12,10,222,151
14104.jpg,178,134,60,306,158,484,292
6072.jpg,114,84,60,72,33,186,117
6065.jpg,63,69,60,70,29,133,98
10668.jpg,277,120,60,163,167,440,287
5995.jpg,499,303,60,139,194,638,497
6118.jpg,209,142,61,25,30,234,172
6121.jpg,139,150,61,0,9,139,159
6136.jpg,376,186,61,96,61,472,247
6092.jpg,373,300,61,0,0,373,300
6187.jpg,196,142,61,112,50,308,192
6102.jpg,189,76,61,31,45,220,121
6146.jpg,217,96,61,6,47,223,143
6113.jpg,141,101,61,28,27,169,128
6122.jpg,194,110,61,16,31,210,141
15792.jpg,209,138,61,323,108,532,246
14182.jpg,438,167,61,193,78,631,245
6115.jpg,240,87,61,0,75,240,162
6186.jpg,600,403,61,0,18,600,421
6114.jpg,299,166,61,9,50,308,216
6107.jpg,210,83,61,0,28,210,111
6177.jpg,255,202,61,0,8,255,210
6120.jpg,208,147,61,50,145,258,292
6157.jpg,198,76,61,12,37,210,113
6125.jpg,165,124,61,66,17,231,141
6168.jpg,84,56,61,31,27,115,83
6117.jpg,213,161,61,39,15,252,176
6176.jpg,163,107,61,9,19,172,126
6162.jpg,232,157,61,37,33,269,190
6099.jpg,258,112,61,0,52,258,164
16069.jpg,213,141,61,297,123,510,264
6165.jpg,169,93,61,98,45,267,138
6179.jpg,254,264,61,246,15,500,279
6130.jpg,337,200,61,93,85,430,285
6154.jpg,147,106,61,21,20,168,126
6156.jpg,127,84,61,38,35,165,119
6128.jpg,204,129,61,81,90,285,219
6148.jpg,171,98,61,31,58,202,156
6147.jpg,359,134,61,116,256,475,390
6167.jpg,185,94,61,78,38,263,132
6140.jpg,95,68,61,73,38,168,106
6142.jpg,294,106,61,6,58,300,164
6143.jpg,258,101,61,25,94,283,195
6149.jpg,320,222,61,0,18,320,240
6171.jpg,444,306,61,111,66,555,372
6101.jpg,237,85,61,21,98,258,183
15370.jpg,264,169,61,316,221,580,390
6150.jpg,174,89,61,36,42,210,131
6138.jpg,82,85,61,4,19,86,104
6144.jpg,225,99,61,57,52,282,151
6112.jpg,186,79,61,63,93,249,172
6104.jpg,257,187,61,73,121,330,308
6990.jpg,214,269,61,286,40,500,309
6141.jpg,151,55,61,9,41,160,96
6170.jpg,346,283,61,9,10,355,293
6155.jpg,190,131,61,0,0,190,131
6151.jpg,222,163,61,165,123,387,286
6108.jpg,140,92,61,18,26,158,118
6160.jpg,214,159,61,0,7,214,166
6145.jpg,470,280,61,30,0,500,280
6161.jpg,136,82,61,113,46,249,128
6185.jpg,67,39,61,74,63,141,102
6100.jpg,187,115,61,163,64,350,179
6133.jpg,199,101,61,2,30,201,131
6109.jpg,126,102,61,94,87,220,189
6119.jpg,505,317,61,18,33,523,350
7178.jpg,156,156,61,266,206,422,362
6103.jpg,169,88,61,46,23,215,111
6132.jpg,303,159,61,324,19,627,178
6095.jpg,580,142,61,0,0,580,142
6096.jpg,160,123,61,62,75,222,198
6180.jpg,331,147,61,2,72,333,219
6173.jpg,210,80,61,0,100,210,180
6105.jpg,193,166,61,25,17,218,183
6183.jpg,237,117,61,9,46,246,163
6097.jpg,540,367,61,0,0,540,367
6089.jpg,229,100,61,15,86,244,186
6116.jpg,351,213,61,29,26,380,239
6123.jpg,282,273,61,18,15,300,288
6091.jpg,342,288,61,30,12,372,300
6126.jpg,172,103,61,66,110,238,213
9255.jpg,222,168,61,96,120,318,288
6094.jpg,150,76,61,14,45,164,121
6129.jpg,444,152,61,139,75,583,227
6110.jpg,293,118,61,8,56,301,174
6152.jpg,321,200,61,102,100,423,300
6093.jpg,238,112,61,57,79,295,191
6188.jpg,139,145,61,183,32,322,177
6137.jpg,86,62,61,85,46,171,108
6090.jpg,300,144,61,0,37,300,181
6172.jpg,168,117,61,4,40,172,157
6163.jpg,191,98,61,24,41,215,139
6230.jpg,506,214,62,58,43,564,257
6192.jpg,538,442,62,64,38,602,480
6212.jpg,412,202,62,0,88,412,290
9356.jpg,360,368,62,0,43,360,411
6237.jpg,267,120,62,90,104,357,224
6229.jpg,189,123,62,182,159,371,282
6272.jpg,462,283,62,18,33,480,316
6263.jpg,582,315,62,30,125,612,440
6207.jpg,280,137,62,120,98,400,235
6202.jpg,610,480,62,30,0,640,480
6228.jpg,252,183,62,87,142,339,325
6241.jpg,513,241,62,7,57,520,298
6232.jpg,240,244,62,0,54,240,298
6265.jpg,459,276,62,21,49,480,325
6215.jpg,640,407,62,0,19,640,426
6205.jpg,346,252,62,50,24,396,276
6267.jpg,291,229,62,9,39,300,268
6213.jpg,671,388,62,38,83,709,471
6203.jpg,302,143,62,94,109,396,252
6223.jpg,467,344,62,53,80,520,424
6197.jpg,377,318,62,40,20,417,338
6189.jpg,636,272,62,1,144,637,416
6216.jpg,600,421,62,0,0,600,421
6191.jpg,281,65,62,188,242,469,307
6225.jpg,400,277,62,87,90,487,367
6245.jpg,300,180,62,0,200,300,380
6279.jpg,400,284,62,0,12,400,296
9120.jpg,255,357,62,12,72,267,429
6257.jpg,630,164,62,10,268,640,432
6268.jpg,236,451,62,200,42,436,493
6195.jpg,500,486,62,0,13,500,499
6277.jpg,370,253,62,0,0,370,253
6271.jpg,568,404,62,72,0,640,404
6260.jpg,322,250,62,53,25,375,275
6214.jpg,318,146,62,30,24,348,170
6252.jpg,500,241,62,0,46,500,287
6204.jpg,476,389,62,116,72,592,461
6238.jpg,355,393,62,20,70,375,463
13695.jpg,390,201,62,266,90,656,291
9046.jpg,182,598,62,174,14,356,612
10585.jpg,360,381,62,0,22,360,403
6286.jpg,360,123,62,0,193,360,316
6200.jpg,400,174,62,0,65,400,239
6273.jpg,457,276,62,30,50,487,326
6219.jpg,618,416,62,14,14,632,430
6262.jpg,640,200,62,0,168,640,368
6220.jpg,226,247,62,201,98,427,345
6248.jpg,248,153,62,0,80,248,233
6256.jpg,320,232,62,0,44,320,276
6281.jpg,276,216,62,24,45,300,261
10639.jpg,438,261,62,42,52,480,313
9101.jpg,408,180,62,48,87,456,267
6247.jpg,460,285,62,0,0,460,285
6208.jpg,492,246,62,0,54,492,300
6199.jpg,775,435,62,0,10,775,445
6280.jpg,540,396,62,45,9,585,405
6221.jpg,285,173,62,66,74,351,247
6217.jpg,374,468,62,58,230,432,698
6190.jpg,712,536,62,24,0,736,536
6222.jpg,550,377,62,0,0,550,377
6288.jpg,616,240,62,24,240,640,480
6233.jpg,375,167,62,0,206,375,373
6210.jpg,278,160,62,122,140,400,300
6201.jpg,323,300,62,54,0,377,300
6242.jpg,280,304,62,0,27,280,331
9057.jpg,416,404,62,0,76,416,480
6196.jpg,389,208,62,0,54,389,262
6254.jpg,302,565,62,208,0,510,565
6270.jpg,330,371,62,6,7,336,378
6251.jpg,450,243,62,0,72,450,315
6209.jpg,640,187,62,0,241,640,428
6244.jpg,176,112,62,102,1,278,113
6249.jpg,450,166,62,0,62,450,228
6218.jpg,800,411,62,0,18,800,429
6243.jpg,347,257,62,2,7,349,264
6282.jpg,434,173,62,9,43,443,216
10574.jpg,345,427,62,0,7,345,434
6285.jpg,441,135,62,9,77,450,212
6261.jpg,475,617,62,35,82,510,699
6193.jpg,450,268,62,0,70,450,338
6276.jpg,327,175,62,52,125,379,300
6194.jpg,522,381,62,43,24,565,405
6250.jpg,390,211,62,0,52,390,263
6255.jpg,320,164,62,0,84,320,248
6240.jpg,680,467,62,120,58,800,525
6246.jpg,492,209,62,8,76,500,285
6226.jpg,291,253,62,38,0,329,253
6341.jpg,176,144,63,0,0,176,144
6374.jpg,340,255,63,0,0,340,255
6349.jpg,240,180,63,0,0,240,180
6291.jpg,475,277,63,25,98,500,375
6303.jpg,166,168,63,78,40,244,208
6360.jpg,141,89,63,34,37,175,126
6289.jpg,414,408,63,241,57,655,465
6331.jpg,288,146,63,54,58,342,204
6345.jpg,209,58,63,11,68,220,126
6337.jpg,343,315,63,69,188,412,503
15415.jpg,118,97,63,238,126,356,223
16237.jpg,232,224,63,294,17,526,241
9175.jpg,348,309,63,0,30,348,339
6332.jpg,178,150,63,9,0,187,150
13724.jpg,114,150,63,390,161,504,311
6312.jpg,290,234,63,70,36,360,270
6338.jpg,302,224,63,38,31,340,255
6298.jpg,163,155,63,140,52,303,207
6352.jpg,307,168,63,77,105,384,273
6369.jpg,210,200,63,74,0,284,200
6335.jpg,167,105,63,0,69,167,174
6322.jpg,181,126,63,99,68,280,194
6296.jpg,400,226,63,0,74,400,300
6351.jpg,341,224,63,82,62,423,286
6326.jpg,350,263,63,0,0,350,263
6304.jpg,313,208,63,17,39,330,247
6307.jpg,320,230,63,0,10,320,240
15311.jpg,103,143,63,313,161,416,304
6292.jpg,228,266,63,216,55,444,321
6387.jpg,276,211,63,59,22,335,233
6346.jpg,350,197,63,0,53,350,250
6372.jpg,600,640,63,0,160,600,800
6356.jpg,351,256,63,16,48,367,304
6381.jpg,255,121,63,82,68,337,189
6385.jpg,200,160,63,0,0,200,160
6306.jpg,240,196,63,0,60,240,256
6299.jpg,253,277,63,40,23,293,300
14023.jpg,312,325,63,71,245,383,570
14267.jpg,117,71,63,174,22,291,93
6297.jpg,512,384,63,0,0,512,384
15895.jpg,251,141,63,86,185,337,326
14909.jpg,148,100,63,356,64,504,164
6308.jpg,350,217,63,0,19,350,236
6344.jpg,280,262,63,0,0,280,262
6362.jpg,188,136,63,23,22,211,158
6359.jpg,180,90,63,32,65,212,155
6380.jpg,230,142,63,0,43,230,185
6311.jpg,233,159,63,127,111,360,270
6343.jpg,250,250,63,0,0,250,250
6293.jpg,352,157,63,0,103,352,260
6315.jpg,250,148,63,0,70,250,218
6330.jpg,473,405,63,31,31,504,436
6319.jpg,138,132,63,117,27,255,159
6310.jpg,298,212,63,10,20,308,232
6305.jpg,422,245,63,0,91,422,336
6383.jpg,200,122,63,5,105,205,227
6301.jpg,380,285,63,0,0,380,285
6361.jpg,144,152,63,38,36,182,188
6318.jpg,190,141,63,20,0,210,141
6370.jpg,160,120,63,0,0,160,120
6329.jpg,537,518,63,63,223,600,741
6382.jpg,240,212,63,0,14,240,226
6325.jpg,298,177,63,94,76,392,253
28.jpg,141,58,63,266,119,407,177
6368.jpg,334,252,63,0,0,334,252
6294.jpg,602,453,63,93,74,695,527
6336.jpg,190,133,63,23,70,213,203
13752.jpg,284,224,63,170,8,454,232
6321.jpg,187,123,63,21,84,208,207
6366.jpg,185,113,63,30,72,215,185
15165.jpg,334,354,63,263,87,597,441
6357.jpg,146,117,63,0,67,146,184
13733.jpg,206,145,63,172,22,378,167
6290.jpg,400,238,63,0,55,400,293
6339.jpg,412,344,63,55,0,467,344
6365.jpg,278,167,63,86,64,364,231
6354.jpg,637,498,63,0,102,637,600
6309.jpg,350,262,63,0,0,350,262
6334.jpg,600,376,63,0,69,600,445
13735.jpg,316,224,63,0,130,316,354
6317.jpg,160,118,63,70,32,230,150
15479.jpg,111,172,63,148,90,259,262
6386.jpg,123,99,63,54,63,177,162
6376.jpg,448,336,63,0,0,448,336
6327.jpg,252,182,63,14,18,266,200
6302.jpg,203,155,63,54,71,257,226
9260.jpg,285,285,63,61,51,346,336
6378.jpg,305,286,63,95,14,400,300
6314.jpg,227,161,63,0,0,227,161
6340.jpg,386,375,63,6,184,392,559
6384.jpg,570,163,63,0,82,570,245
6333.jpg,316,138,63,4,82,320,220
6350.jpg,340,255,63,0,0,340,255
6396.jpg,282,217,64,2,0,284,217
15719.jpg,247,274,64,346,93,593,367
6481.jpg,167,145,64,0,27,167,172
9365.jpg,447,360,64,33,0,480,360
10580.jpg,438,305,64,30,34,468,339
6485.jpg,740,250,64,8,0,748,250
6420.jpg,157,114,64,19,45,176,159
6403.jpg,265,241,64,46,0,311,241
6390.jpg,237,205,64,0,12,237,217
6409.jpg,280,210,64,0,0,280,210
6450.jpg,371,300,64,29,0,400,300
6471.jpg,640,480,64,0,0,640,480
6416.jpg,365,300,64,0,0,365,300
11292.jpg,234,237,64,31,243,265,480
6445.jpg,265,217,64,0,0,265,217
6405.jpg,170,121,64,0,7,170,128
6411.jpg,250,176,64,0,0,250,176
11198.jpg,474,360,64,3,0,477,360
6469.jpg,550,374,64,0,39,550,413
6413.jpg,424,319,64,88,65,512,384
6410.jpg,200,134,64,0,8,200,142
6439.jpg,180,229,64,0,0,180,229
6453.jpg,271,132,64,21,53,292,185
6408.jpg,400,301,64,0,0,400,301
6429.jpg,500,400,64,0,0,500,400
9146.jpg,336,324,64,57,0,393,324
6448.jpg,380,285,64,0,0,380,285
6434.jpg,606,480,64,0,0,606,480
15534.jpg,322,287,64,266,162,588,449
6389.jpg,230,205,64,0,0,230,205
15393.jpg,294,242,64,177,180,471,422
6421.jpg,231,185,64,14,0,245,185
6418.jpg,200,150,64,0,0,200,150
15545.jpg,292,241,64,283,0,575,241
6477.jpg,624,493,64,19,0,643,493
6438.jpg,200,156,64,0,0,200,156
6458.jpg,176,120,64,4,6,180,126
6442.jpg,397,270,64,0,0,397,270
6425.jpg,750,563,64,0,0,750,563
6479.jpg,425,385,64,0,0,425,385
6400.jpg,191,141,64,9,7,200,148
6433.jpg,351,247,64,7,11,358,258
6461.jpg,450,338,64,0,0,450,338
6475.jpg,214,182,64,20,138,234,320
6430.jpg,200,150,64,0,0,200,150
6443.jpg,400,300,64,0,0,400,300
6393.jpg,576,480,64,64,0,640,480
6482.jpg,240,224,64,0,42,240,266
6437.jpg,250,172,64,0,0,250,172
6476.jpg,512,480,64,128,0,640,480
11477.jpg,480,359,64,0,1,480,360
6426.jpg,167,115,64,0,35,167,150
11516.jpg,480,342,64,0,6,480,348
6395.jpg,230,150,64,0,20,230,170
6467.jpg,338,326,64,0,0,338,326
6391.jpg,199,272,64,0,7,199,279
6417.jpg,400,301,64,0,0,400,301
11188.jpg,321,303,64,67,18,388,321
6460.jpg,264,243,64,47,1,311,244
6486.jpg,600,450,64,0,0,600,450
6464.jpg,380,285,64,0,0,380,285
6444.jpg,375,415,64,0,85,375,500
6465.jpg,800,600,64,0,0,800,600
6404.jpg,173,101,64,1,40,174,141
6407.jpg,320,216,64,0,24,320,240
6488.jpg,180,120,64,0,0,180,120
6487.jpg,785,565,64,0,35,785,600
6480.jpg,320,180,64,0,60,320,240
6440.jpg,320,240,64,0,0,320,240
6406.jpg,232,212,64,88,28,320,240
6451.jpg,162,125,64,17,12,179,137
6397.jpg,160,145,64,0,0,160,145
15766.jpg,300,278,64,28,92,328,370
6449.jpg,200,141,64,0,9,200,150
6484.jpg,760,250,64,0,0,760,250
6436.jpg,229,181,64,6,0,235,181
6401.jpg,521,413,64,0,0,521,413
6455.jpg,200,195,64,0,5,200,200
6392.jpg,800,600,64,0,0,800,600
6398.jpg,222,215,64,3,15,225,230
10907.jpg,360,442,64,0,38,360,480
6414.jpg,346,287,64,60,16,406,303
6435.jpg,200,146,64,0,0,200,146
6428.jpg,640,480,64,0,0,640,480
6424.jpg,320,240,64,0,0,320,240
6432.jpg,304,233,64,11,0,315,233
6459.jpg,194,135,64,26,30,220,165
11109.jpg,475,349,64,3,0,478,349
6431.jpg,277,169,64,0,5,277,174
13847.jpg,395,328,64,346,63,741,391
6473.jpg,701,527,64,0,29,701,556
6468.jpg,460,345,64,0,0,460,345
6456.jpg,197,137,64,25,30,222,167
14689.jpg,482,354,64,303,47,785,401
6402.jpg,471,389,64,34,0,505,389
6506.jpg,300,180,65,0,45,300,225
6551.jpg,230,81,65,4,39,234,120
14723.jpg,150,130,65,92,6,242,136
9089.jpg,413,175,65,31,114,444,289
6520.jpg,200,183,65,0,57,200,240
6537.jpg,165,126,65,14,8,179,134
6510.jpg,350,534,65,0,0,350,534
14560.jpg,800,596,65,0,0,800,596
6519.jpg,384,171,65,15,135,399,306
6499.jpg,270,132,65,0,48,270,180
10771.jpg,90,336,65,111,24,201,360
10771.jpg,118,315,65,222,36,340,351
6535.jpg,280,210,65,0,0,280,210
6500.jpg,600,450,65,0,0,600,450
6541.jpg,320,208,65,0,0,320,208
6493.jpg,260,201,65,43,31,303,232
6552.jpg,180,120,65,0,0,180,120
6567.jpg,169,117,65,31,33,200,150
6511.jpg,561,346,65,119,0,680,346
6576.jpg,600,425,65,0,25,600,450
6538.jpg,250,187,65,0,0,250,187
6577.jpg,314,100,65,6,74,320,174
6507.jpg,600,564,65,0,0,600,564
6543.jpg,320,216,65,0,24,320,240
6569.jpg,350,250,65,0,0,350,250
6544.jpg,320,204,65,0,8,320,212
6517.jpg,331,193,65,165,81,496,274
6509.jpg,626,461,65,18,24,644,485
6496.jpg,233,116,65,61,103,294,219
6583.jpg,480,442,65,0,152,480,594
6492.jpg,394,192,65,90,68,484,260
6568.jpg,191,281,65,2,0,193,281
6514.jpg,331,214,65,150,72,481,286
6546.jpg,322,163,65,99,42,421,205
6558.jpg,323,251,65,46,31,369,282
15095.jpg,572,368,65,0,27,572,395
6501.jpg,164,138,65,17,10,181,148
6548.jpg,228,60,65,6,48,234,108
6523.jpg,600,450,65,0,0,600,450
6574.jpg,200,121,65,0,29,200,150
15068.jpg,440,285,65,15,75,455,360
6547.jpg,228,62,65,4,43,232,105
6502.jpg,181,142,65,2,3,183,145
6526.jpg,149,150,65,52,20,201,170
6549.jpg,229,69,65,6,40,235,109
6557.jpg,250,106,65,0,31,250,137
6539.jpg,320,218,65,0,22,320,240
6579.jpg,189,117,65,11,24,200,141
6580.jpg,382,224,65,0,76,382,300
6564.jpg,194,90,65,6,29,200,119
15269.jpg,438,277,65,135,56,573,333
6553.jpg,95,60,65,0,0,95,60
9235.jpg,215,330,65,109,30,324,360
6513.jpg,341,207,65,148,77,489,284
9228.jpg,276,350,65,108,10,384,360
6584.jpg,240,128,65,0,104,240,232
6573.jpg,204,219,65,30,6,234,225
6529.jpg,320,240,65,0,0,320,240
6545.jpg,179,97,65,19,22,198,119
6498.jpg,168,174,65,93,21,261,195
6530.jpg,205,144,65,26,6,231,150
6505.jpg,160,165,65,54,39,214,204
6570.jpg,346,233,65,34,60,380,293
6527.jpg,145,158,65,56,18,201,176
6559.jpg,320,240,65,0,0,320,240
6516.jpg,414,193,65,27,107,441,300
6587.jpg,272,246,65,72,54,344,300
6554.jpg,199,124,65,0,99,199,223
6560.jpg,254,206,65,4,39,258,245
6586.jpg,400,360,65,0,0,400,360
6494.jpg,250,188,65,0,0,250,188
6489.jpg,350,323,65,150,27,500,350
14068.jpg,392,341,65,201,155,593,496
6588.jpg,579,249,65,121,126,700,375
6491.jpg,288,247,65,37,133,325,380
6534.jpg,350,218,65,0,0,350,218
6578.jpg,120,90,65,0,0,120,90
6565.jpg,185,97,65,15,48,200,145
6540.jpg,320,216,65,0,24,320,240
6515.jpg,428,201,65,160,98,588,299
6504.jpg,600,450,65,0,0,600,450
6522.jpg,150,89,65,7,29,157,118
6512.jpg,266,400,65,0,0,266,400
6525.jpg,165,157,65,111,24,276,181
6490.jpg,296,169,65,4,21,300,190
6562.jpg,300,116,65,0,109,300,225
6518.jpg,353,185,65,163,104,516,289
6542.jpg,320,224,65,0,16,320,240
6497.jpg,300,99,65,0,108,300,207
6593.jpg,230,128,66,0,33,230,161
6600.jpg,333,242,66,0,0,333,242
6635.jpg,424,245,66,63,0,487,245
6613.jpg,204,156,66,12,57,216,213
6634.jpg,254,208,66,24,0,278,208
6599.jpg,318,180,66,102,109,420,289
6598.jpg,320,238,66,42,45,362,283
6618.jpg,188,138,66,71,51,259,189
6633.jpg,326,198,66,0,0,326,198
6658.jpg,300,216,66,0,0,300,216
6657.jpg,239,161,66,28,19,267,180
6625.jpg,500,332,66,0,0,500,332
6642.jpg,250,250,66,0,0,250,250
6637.jpg,350,262,66,0,0,350,262
6627.jpg,313,225,66,0,0,313,225
6651.jpg,200,150,66,0,0,200,150
6685.jpg,360,247,66,0,17,360,264
6596.jpg,214,154,66,45,33,259,187
6646.jpg,264,186,66,22,28,286,214
6665.jpg,239,200,66,56,0,295,200
6649.jpg,578,424,66,0,0,578,424
6662.jpg,320,240,66,0,0,320,240
6647.jpg,184,142,66,0,37,184,179
6660.jpg,275,207,66,29,65,304,272
6643.jpg,264,168,66,40,0,304,168
6592.jpg,182,149,66,20,25,202,174
6679.jpg,208,184,66,0,38,208,222
6607.jpg,280,188,66,0,8,280,196
6623.jpg,250,190,66,0,40,250,230
6612.jpg,250,130,66,0,20,250,150
6610.jpg,175,91,66,37,33,212,124
6597.jpg,236,168,66,0,0,236,168
6609.jpg,207,194,66,8,7,215,201
6604.jpg,515,294,66,142,84,657,378
6619.jpg,280,181,66,0,29,280,210
6664.jpg,296,179,66,69,33,365,212
6602.jpg,240,142,66,0,24,240,166
16779.jpg,273,159,66,62,78,335,237
6639.jpg,220,145,66,0,0,220,145
16717.jpg,247,140,66,48,54,295,194
6684.jpg,358,286,66,44,32,402,318
6616.jpg,250,167,66,0,21,250,188
6638.jpg,170,170,66,0,0,170,170
6615.jpg,250,214,66,30,18,280,232
6589.jpg,158,129,66,14,15,172,144
6652.jpg,283,188,66,19,24,302,212
6670.jpg,171,116,66,40,38,211,154
6640.jpg,220,167,66,0,0,220,167
16792.jpg,463,392,66,66,22,529,414
6682.jpg,239,114,66,0,41,239,155
6653.jpg,200,149,66,0,0,200,149
6605.jpg,163,87,66,37,61,200,148
6626.jpg,220,168,66,0,0,220,168
6688.jpg,320,240,66,0,0,320,240
6629.jpg,300,292,66,0,0,300,292
6606.jpg,245,190,66,53,38,298,228
16728.jpg,217,204,66,36,80,253,284
6601.jpg,133,99,66,0,1,133,100
6659.jpg,400,300,66,0,0,400,300
6611.jpg,280,191,66,0,0,280,191
16763.jpg,385,266,66,112,104,497,370
6620.jpg,250,225,66,0,15,250,240
6648.jpg,250,124,66,0,26,250,150
14675.jpg,233,212,66,308,195,541,407
6594.jpg,175,151,66,36,22,211,173
6674.jpg,278,208,66,76,139,354,347
6669.jpg,380,322,66,132,108,512,430
6590.jpg,141,110,66,67,48,208,158
6614.jpg,220,169,66,0,16,220,185
6680.jpg,800,600,66,0,0,800,600
16764.jpg,416,274,66,62,105,478,379
6683.jpg,309,284,66,0,47,309,331
6667.jpg,182,158,66,72,48,254,206
6673.jpg,266,176,66,46,32,312,208
6668.jpg,135,101,66,34,18,169,119
6687.jpg,292,174,66,28,0,320,174
6654.jpg,330,220,66,0,0,330,220
6644.jpg,220,142,66,0,0,220,142
6617.jpg,386,273,66,29,95,415,368
6630.jpg,188,155,66,0,0,188,155
6591.jpg,272,194,66,102,62,374,256
6645.jpg,180,171,66,0,9,180,180
6641.jpg,224,132,66,0,11,224,143
6676.jpg,193,166,66,136,54,329,220
6622.jpg,273,168,66,15,87,288,255
6772.jpg,202,151,67,12,6,214,157
14903.jpg,77,85,67,653,106,730,191
14711.jpg,148,71,67,15,130,163,201
12503.jpg,117,108,67,7,41,124,149
6764.jpg,160,105,67,8,0,168,105
6716.jpg,184,128,67,28,38,212,166
6706.jpg,400,285,67,0,0,400,285
9238.jpg,480,158,67,0,103,480,261
6732.jpg,620,277,67,0,99,620,376
6760.jpg,146,127,67,40,113,186,240
6786.jpg,103,118,67,63,18,166,136
13264.jpg,80,60,67,147,0,227,60
6787.jpg,114,104,67,64,26,178,130
6775.jpg,249,161,67,33,4,282,165
6728.jpg,148,87,67,17,10,165,97
6781.jpg,205,128,67,30,34,235,162
6783.jpg,250,183,67,0,0,250,183
14650.jpg,158,174,67,440,38,598,212
6739.jpg,88,123,67,82,11,170,134
13731.jpg,142,120,67,496,16,638,136
13703.jpg,100,124,67,408,219,508,343
11956.jpg,64,154,67,166,159,230,313
6748.jpg,215,114,67,20,49,235,163
6720.jpg,171,105,67,22,42,193,147
6730.jpg,589,202,67,8,140,597,342
6713.jpg,259,212,67,104,18,363,230
6749.jpg,400,194,67,0,0,400,194
15075.jpg,475,298,67,65,62,540,360
6747.jpg,400,277,67,0,0,400,277
13233.jpg,123,74,67,21,66,144,140
6718.jpg,157,95,67,53,63,210,158
13262.jpg,196,208,67,412,132,608,340
6738.jpg,121,115,67,52,92,173,207
6694.jpg,327,176,67,72,104,399,280
6704.jpg,222,170,67,36,6,258,176
15259.jpg,90,90,67,405,181,495,271
6782.jpg,240,206,67,62,16,302,222
6780.jpg,197,152,67,105,53,302,205
6723.jpg,188,110,67,30,40,218,150
6693.jpg,152,111,67,37,34,189,145
6761.jpg,212,190,67,70,41,282,231
31.jpg,117,98,67,37,92,154,190
6776.jpg,360,280,67,0,0,360,280
6708.jpg,121,105,67,23,18,144,123
6763.jpg,117,103,67,0,38,117,141
6736.jpg,132,126,67,60,15,192,141
6696.jpg,178,118,67,0,16,178,134
13738.jpg,462,318,67,132,128,594,446
14645.jpg,404,452,67,182,12,586,464
10928.jpg,324,181,67,15,170,339,351
6719.jpg,163,120,67,43,42,206,162
15895.jpg,217,142,67,65,130,282,272
10774.jpg,447,180,67,30,94,477,274
86.jpg,169,140,67,232,68,401,208
6727.jpg,141,74,67,23,26,164,100
6710.jpg,342,263,67,0,0,342,263
6752.jpg,322,240,67,8,0,330,240
6697.jpg,357,278,67,6,4,363,282
6717.jpg,178,100,67,68,112,246,212
6734.jpg,236,165,67,10,18,246,183
6733.jpg,270,243,67,12,33,282,276
6724.jpg,177,90,67,33,51,210,141
6751.jpg,196,65,67,0,40,196,105
6741.jpg,240,176,67,0,0,240,176
14931.jpg,217,438,67,36,228,253,666
6762.jpg,188,155,67,0,0,188,155
6785.jpg,105,96,67,63,32,168,128
6743.jpg,341,280,67,75,6,416,286
6726.jpg,140,110,67,60,82,200,192
13244.jpg,125,142,67,491,61,616,203
6755.jpg,620,372,67,0,24,620,396
6721.jpg,172,90,67,37,57,209,147
6770.jpg,245,188,67,65,40,310,228
15423.jpg,311,281,67,253,65,564,346
6690.jpg,319,170,67,65,33,384,203
6702.jpg,162,104,67,0,22,162,126
6769.jpg,208,139,67,11,40,219,179
6714.jpg,135,159,67,6,24,141,183
6701.jpg,235,177,67,24,23,259,200
6689.jpg,185,148,67,28,15,213,163
6756.jpg,301,283,67,0,17,301,300
6722.jpg,227,148,67,13,53,240,201
16493.jpg,226,396,67,192,45,418,441
6744.jpg,195,113,67,5,9,200,122
6788.jpg,108,104,67,64,27,172,131
6735.jpg,196,123,67,20,30,216,153
6737.jpg,205,116,67,13,22,218,138
6729.jpg,240,213,67,31,9,271,222
6765.jpg,198,119,67,0,23,198,142
6692.jpg,180,134,67,25,34,205,168
13696.jpg,240,143,67,148,40,388,183
6691.jpg,166,75,67,14,35,180,110
6779.jpg,177,175,67,0,5,177,180
6709.jpg,240,155,67,54,55,294,210
6757.jpg,520,436,67,58,0,578,436
6699.jpg,200,142,67,0,35,200,177
6768.jpg,262,164,67,58,24,320,188
6698.jpg,215,85,67,17,40,232,125
6695.jpg,128,147,67,29,0,157,147
6774.jpg,208,144,67,12,36,220,180
6731.jpg,636,226,67,4,98,640,324
6740.jpg,153,121,67,62,36,215,157
14925.jpg,306,136,67,470,240,776,376
14346.jpg,105,145,67,620,138,725,283
7311.jpg,251,253,68,53,105,304,358
6892.jpg,467,337,68,0,268,467,605
6867.jpg,300,202,68,0,49,300,251
7183.jpg,270,271,68,11,26,281,297
6970.jpg,225,221,68,256,40,481,261
7187.jpg,230,194,68,212,65,442,259
6893.jpg,269,248,68,0,22,269,270
6876.jpg,257,195,68,53,33,310,228
6852.jpg,289,215,68,171,15,460,230
6841.jpg,245,134,68,157,3,402,137
6857.jpg,282,249,68,81,211,363,460
13867.jpg,78,70,68,61,76,139,146
6830.jpg,353,188,68,22,175,375,363
6883.jpg,90,94,68,54,35,144,129
6799.jpg,278,167,68,65,45,343,212
6816.jpg,189,187,68,246,181,435,368
7090.jpg,212,123,68,55,108,267,231
6974.jpg,202,166,68,42,59,244,225
7290.jpg,72,146,68,78,110,150,256
6806.jpg,203,222,68,433,130,636,352
6864.jpg,287,221,68,91,136,378,357
7118.jpg,130,133,68,261,177,391,310
6934.jpg,219,134,68,166,227,385,361
6798.jpg,293,253,68,143,75,436,328
7250.jpg,371,213,68,81,108,452,321
6846.jpg,130,102,68,28,34,158,136
6811.jpg,200,196,68,7,55,207,251
7077.jpg,142,92,68,345,35,487,127
6904.jpg,169,148,68,228,145,397,293
7314.jpg,118,66,68,138,116,256,182
7314.jpg,85,47,68,109,71,194,118
7314.jpg,98,60,68,206,62,304,122
6890.jpg,207,139,68,39,127,246,266
6804.jpg,283,237,68,117,57,400,294
6871.jpg,136,98,68,90,148,226,246
7135.jpg,150,136,68,143,90,293,226
15189.jpg,119,133,68,304,127,423,260
6978.jpg,186,149,68,120,55,306,204
7168.jpg,489,331,68,0,0,489,331
7037.jpg,162,124,68,150,174,312,298
6795.jpg,334,297,68,47,88,381,385
6832.jpg,372,255,68,164,61,536,316
7222.jpg,270,253,68,108,77,378,330
6835.jpg,175,50,68,137,542,312,592
6975.jpg,171,150,68,71,70,242,220
6963.jpg,309,189,68,135,144,444,333
7155.jpg,439,335,68,48,25,487,360
6882.jpg,315,220,68,0,230,315,450
6842.jpg,380,246,68,0,7,380,253
6928.jpg,414,340,68,83,15,497,355
6925.jpg,268,191,68,140,185,408,376
7307.jpg,202,182,68,61,169,263,351
6881.jpg,345,180,68,130,0,475,180
13698.jpg,160,224,68,40,80,200,304
6794.jpg,149,118,68,228,162,377,280
7280.jpg,154,78,68,226,100,380,178
6858.jpg,208,152,68,180,186,388,338
7229.jpg,121,146,68,47,178,168,324
6860.jpg,356,225,68,25,90,381,315
6930.jpg,375,367,68,0,83,375,450
6836.jpg,239,156,68,92,129,331,285
7054.jpg,317,254,68,251,7,568,261
6821.jpg,210,155,68,107,145,317,300
6951.jpg,213,158,68,96,78,309,236
6911.jpg,275,244,68,1,53,276,297
6797.jpg,296,227,68,131,0,427,227
7322.jpg,256,143,68,172,178,428,321
15891.jpg,221,235,68,150,120,371,355
6813.jpg,113,82,68,97,31,210,113
7186.jpg,280,284,68,203,26,483,310
7011.jpg,324,171,68,140,162,464,333
6872.jpg,186,194,68,153,128,339,322
6853.jpg,262,209,68,282,141,544,350
7205.jpg,158,195,68,100,19,258,214
7205.jpg,159,193,68,250,17,409,210
7185.jpg,196,156,68,66,72,262,228
6849.jpg,428,318,68,108,80,536,398
6812.jpg,237,193,68,25,1,262,194
7173.jpg,362,193,68,13,92,375,285
15188.jpg,201,199,68,118,72,319,271
7276.jpg,442,330,68,346,256,788,586
7301.jpg,259,219,68,115,61,374,280
16615.jpg,131,88,68,295,62,426,150
7263.jpg,138,148,68,605,208,743,356
6825.jpg,392,257,68,85,101,477,358
6874.jpg,268,195,68,58,61,326,256
6887.jpg,228,159,68,69,45,297,204
6936.jpg,223,172,68,56,57,279,229
6851.jpg,500,356,68,0,0,500,356
6808.jpg,394,278,68,132,114,526,392
7310.jpg,312,316,68,188,15,500,331
6834.jpg,488,256,68,148,0,636,256
6807.jpg,100,122,68,220,110,320,232
6960.jpg,203,170,68,90,69,293,239
7029.jpg,210,125,68,143,76,353,201
7059.jpg,280,279,68,0,66,280,345
7056.jpg,208,366,68,424,26,632,392
6915.jpg,296,221,68,4,4,300,225
6826.jpg,142,139,68,76,136,218,275
6803.jpg,229,146,68,83,154,312,300
7140.jpg,315,427,68,60,48,375,475
6801.jpg,280,192,68,0,135,280,327
6829.jpg,247,132,68,32,8,279,140
6792.jpg,563,466,68,13,103,576,569
6789.jpg,260,267,68,9,29,269,296
6862.jpg,378,319,68,178,93,556,412
6889.jpg,247,221,68,54,262,301,483
7160.jpg,51,135,68,279,255,330,390
7160.jpg,68,126,68,22,252,90,378
6809.jpg,169,184,68,183,111,352,295
6831.jpg,173,171,68,163,93,336,264
7304.jpg,158,142,68,111,11,269,153
6790.jpg,267,178,68,0,78,267,256
6844.jpg,167,153,68,133,99,300,252
6920.jpg,324,389,68,176,34,500,423
15644.jpg,182,168,68,66,232,248,400
6884.jpg,158,293,68,152,35,310,328
6990.jpg,231,219,68,20,134,251,353
13806.jpg,110,134,68,8,104,118,238
6845.jpg,398,279,68,41,31,439,310
6916.jpg,209,178,68,178,59,387,237
6888.jpg,296,186,68,31,121,327,307
6820.jpg,141,86,68,37,0,178,86
6923.jpg,500,323,68,0,33,500,356
15615.jpg,173,176,68,268,86,441,262
6896.jpg,291,242,68,0,80,291,322
7305.jpg,175,131,68,160,149,335,280
7308.jpg,212,210,68,126,40,338,250
6905.jpg,244,162,68,8,276,252,438
7252.jpg,240,126,68,192,148,432,274
7137.jpg,166,178,68,52,40,218,218
6824.jpg,215,149,68,17,16,232,165
7014.jpg,248,147,68,190,154,438,301
6848.jpg,261,269,68,45,22,306,291
7032.jpg,74,68,68,366,46,440,114
7032.jpg,86,57,68,364,113,450,170
7032.jpg,85,90,68,395,243,480,333
7032.jpg,74,60,68,285,50,359,110
7032.jpg,89,71,68,275,119,364,190
7032.jpg,103,100,68,255,220,358,320
7032.jpg,81,50,68,184,46,265,96
7032.jpg,86,73,68,181,95,267,168
7032.jpg,107,92,68,156,197,263,289
7032.jpg,80,63,68,98,34,178,97
7032.jpg,118,76,68,71,115,189,191
7032.jpg,107,98,68,43,223,150,321
6840.jpg,457,354,68,43,1,500,355
7178.jpg,94,141,68,401,134,495,275
7100.jpg,368,380,68,102,88,470,468
6819.jpg,331,141,68,68,3,399,144
6850.jpg,350,250,68,0,114,350,364
7159.jpg,303,144,68,127,202,430,346
6828.jpg,301,287,68,66,46,367,333
7089.jpg,147,149,68,170,137,317,286
38.jpg,106,96,68,147,134,253,230
6793.jpg,120,95,68,376,28,496,123
7321.jpg,340,220,68,260,260,600,480
6899.jpg,173,131,68,115,60,288,191
7092.jpg,153,114,68,285,151,438,265
7092.jpg,94,119,68,106,85,200,204
6878.jpg,172,140,68,26,28,198,168
6796.jpg,274,261,68,100,60,374,321
7293.jpg,170,102,68,124,246,294,348
13780.jpg,232,170,68,124,190,356,360
6847.jpg,317,254,68,103,312,420,566
6898.jpg,198,121,68,165,32,363,153
6859.jpg,232,138,68,60,96,292,234
6886.jpg,299,195,68,82,97,381,292
7142.jpg,330,403,68,0,263,330,666
6843.jpg,236,157,68,156,0,392,157
6814.jpg,349,280,68,146,60,495,340
6955.jpg,197,127,68,163,91,360,218
13994.jpg,163,151,68,142,49,305,200
7273.jpg,191,143,68,127,40,318,183
6815.jpg,291,209,68,130,166,421,375
6863.jpg,148,116,68,138,74,286,190
6822.jpg,120,80,68,84,50,204,130
6895.jpg,183,133,68,114,88,297,221
6833.jpg,173,271,68,25,70,198,341
6823.jpg,280,246,68,0,27,280,273
7201.jpg,214,133,68,105,94,319,227
7153.jpg,196,107,68,287,43,483,150
6837.jpg,304,239,68,336,157,640,396
6983.jpg,185,156,68,6,9,191,165
6959.jpg,127,95,68,88,82,215,177
6873.jpg,225,219,68,241,66,466,285
6964.jpg,213,168,68,127,44,340,212
6891.jpg,175,136,68,86,112,261,248
7087.jpg,258,194,68,48,66,306,260
6993.jpg,425,105,68,13,48,438,153
6810.jpg,522,338,68,68,0,590,338
15767.jpg,181,198,68,377,72,558,270
6800.jpg,88,64,68,16,132,104,196
7287.jpg,346,289,68,34,0,380,289
6897.jpg,206,153,68,158,159,364,312
7426.jpg,226,138,69,103,78,329,216
7334.jpg,259,278,69,137,68,396,346
14616.jpg,243,253,69,325,305,568,558
7336.jpg,588,367,69,24,18,612,385
7414.jpg,240,194,69,0,16,240,210
14364.jpg,240,226,69,540,0,780,226
13867.jpg,70,63,69,236,9,306,72
7411.jpg,378,373,69,121,0,499,373
7363.jpg,500,403,69,0,154,500,557
7431.jpg,600,297,69,0,105,600,402
7328.jpg,493,326,69,0,37,493,363
7330.jpg,459,305,69,0,24,459,329
7323.jpg,349,314,69,162,26,511,340
7429.jpg,320,200,69,0,152,320,352
7340.jpg,256,239,69,75,30,331,269
7329.jpg,320,188,69,0,52,320,240
7388.jpg,219,180,69,133,33,352,213
7379.jpg,379,333,69,81,5,460,338
7424.jpg,180,188,69,163,82,343,270
7359.jpg,400,265,69,0,0,400,265
7374.jpg,500,375,69,0,0,500,375
7360.jpg,280,292,69,0,14,280,306
7407.jpg,336,247,69,62,108,398,355
7377.jpg,280,325,69,0,48,280,373
7350.jpg,416,345,69,42,10,458,355
7423.jpg,183,272,69,17,4,200,276
7337.jpg,112,115,69,195,36,307,151
13333.jpg,115,128,69,0,120,115,248
7430.jpg,447,363,69,122,24,569,387
7346.jpg,484,384,69,85,4,569,388
4004.jpg,38,48,69,0,23,38,71
7395.jpg,355,303,69,93,0,448,303
14018.jpg,245,235,69,458,176,703,411
7357.jpg,387,360,69,66,0,453,360
7398.jpg,383,298,69,257,28,640,326
7324.jpg,253,206,69,61,63,314,269
7406.jpg,360,346,69,0,14,360,360
7354.jpg,244,187,69,40,63,284,250
7433.jpg,349,294,69,97,47,446,341
7432.jpg,285,185,69,101,137,386,322
7416.jpg,538,533,69,0,0,538,533
13273.jpg,64,34,69,32,185,96,219
7345.jpg,500,231,69,0,0,500,231
7419.jpg,299,190,69,116,49,415,239
14023.jpg,165,150,69,558,86,723,236
7362.jpg,229,178,69,82,74,311,252
7342.jpg,240,257,69,0,0,240,257
15382.jpg,148,198,69,206,126,354,324
14035.jpg,442,433,69,113,90,555,523
7364.jpg,500,325,69,0,9,500,334
7410.jpg,250,177,69,62,154,312,331
13325.jpg,126,125,69,305,205,431,330
7352.jpg,187,181,69,296,0,483,181
7408.jpg,299,284,69,97,40,396,324
13958.jpg,117,114,69,36,406,153,520
7387.jpg,180,151,69,175,70,355,221
7355.jpg,749,408,69,0,111,749,519
19.jpg,118,81,69,365,86,483,167
7404.jpg,316,257,69,222,169,538,426
7341.jpg,182,171,69,126,60,308,231
7390.jpg,184,136,69,28,68,212,204
7405.jpg,199,121,69,248,202,447,323
15902.jpg,328,330,69,272,30,600,360
7375.jpg,140,370,69,78,0,218,370
7412.jpg,500,194,69,0,12,500,206
14026.jpg,387,385,69,188,100,575,485
7368.jpg,249,189,69,90,0,339,189
7402.jpg,174,76,69,21,148,195,224
7403.jpg,117,95,69,220,172,337,267
7338.jpg,138,118,69,88,54,226,172
7436.jpg,347,317,69,115,18,462,335
7421.jpg,241,268,69,171,82,412,350
7351.jpg,167,255,69,243,175,410,430
7356.jpg,296,254,69,0,0,296,254
7335.jpg,418,346,69,144,0,562,346
14021.jpg,182,174,69,441,21,623,195
7396.jpg,372,366,69,75,27,447,393
14584.jpg,260,233,69,533,0,793,233
7344.jpg,291,249,69,56,3,347,252
7347.jpg,225,251,69,262,10,487,261
7332.jpg,407,276,69,43,20,450,296
7358.jpg,177,130,69,150,84,327,214
7372.jpg,310,367,69,97,275,407,642
7366.jpg,342,390,69,0,71,342,461
7397.jpg,141,159,69,229,102,370,261
13318.jpg,132,129,69,226,55,358,184
7378.jpg,124,108,69,80,100,204,208
7325.jpg,144,120,69,75,93,219,213
7348.jpg,277,262,69,25,128,302,390
13733.jpg,144,125,69,122,257,266,382
14072.jpg,461,409,69,140,96,601,505
14092.jpg,420,470,69,160,46,580,516
7417.jpg,185,167,69,315,191,500,358
7434.jpg,192,135,69,165,210,357,345
7361.jpg,618,533,69,0,0,618,533
7382.jpg,385,225,69,52,0,437,225
7365.jpg,248,153,69,20,98,268,251
38.jpg,91,86,69,167,298,258,384
7425.jpg,234,207,69,89,167,323,374
7401.jpg,319,277,69,86,31,405,308
7428.jpg,146,214,69,262,186,408,400
7385.jpg,184,233,69,146,235,330,468
13887.jpg,254,276,69,0,120,254,396
7386.jpg,156,198,69,0,50,156,248
7409.jpg,247,181,69,133,115,380,296
7326.jpg,230,240,69,10,44,240,284
7327.jpg,124,105,69,222,66,346,171
14254.jpg,86,78,69,114,82,200,160
59.jpg,139,58,69,213,162,352,220
7415.jpg,250,160,69,40,18,290,178
7435.jpg,420,280,69,0,0,420,280
7371.jpg,268,139,69,20,29,288,168
7373.jpg,150,314,69,64,0,214,314
7353.jpg,264,205,69,44,40,308,245
14010.jpg,329,330,69,441,110,770,440
7339.jpg,273,142,69,57,324,330,466
7418.jpg,400,300,69,0,0,400,300
14007.jpg,114,120,70,193,30,307,150
7498.jpg,273,174,70,17,186,290,360
16670.jpg,156,142,70,416,46,572,188
7446.jpg,267,243,70,0,34,267,277
13739.jpg,106,118,70,312,66,418,184
7473.jpg,194,163,70,136,81,330,244
7444.jpg,560,412,70,25,0,585,412
7453.jpg,432,424,70,26,16,458,440
14601.jpg,142,188,70,154,0,296,188
7506.jpg,405,340,70,47,15,452,355
14554.jpg,279,239,70,26,16,305,255
7479.jpg,412,360,70,90,5,502,365
7494.jpg,181,186,70,159,84,340,270
7489.jpg,400,430,70,157,30,557,460
7457.jpg,267,244,70,5,47,272,291
7507.jpg,378,263,70,0,48,378,311
7462.jpg,190,201,70,110,6,300,207
7509.jpg,203,219,70,299,146,502,365
7510.jpg,310,293,70,47,7,357,300
7490.jpg,248,216,70,32,134,280,350
14080.jpg,148,109,70,120,136,268,245
7492.jpg,147,151,70,54,0,201,151
7440.jpg,186,182,70,54,50,240,232
14650.jpg,212,240,70,428,224,640,464
9121.jpg,320,249,70,76,61,396,310
4930.jpg,192,138,70,126,86,318,224
13775.jpg,100,73,70,52,44,152,117
7536.jpg,196,252,70,103,15,299,267
7484.jpg,237,163,70,85,58,322,221
7476.jpg,226,273,70,16,0,242,273
13857.jpg,72,59,70,39,14,111,73
7495.jpg,332,287,70,26,13,358,300
7480.jpg,504,476,70,56,0,560,476
11099.jpg,390,312,70,15,45,405,357
7460.jpg,313,312,70,62,55,375,367
7504.jpg,293,262,70,84,68,377,330
7508.jpg,312,273,70,87,24,399,297
7529.jpg,348,248,70,174,120,522,368
13782.jpg,120,98,70,84,2,204,100
14411.jpg,252,205,70,3,78,255,283
7482.jpg,187,213,70,42,109,229,322
7535.jpg,119,109,70,61,27,180,136
7512.jpg,178,142,70,56,62,234,204
14397.jpg,235,245,70,538,36,773,281
15213.jpg,128,126,70,424,60,552,186
7481.jpg,455,375,70,3,0,458,375
7527.jpg,137,132,70,42,44,179,176
13736.jpg,126,124,70,490,300,616,424
5106.jpg,135,66,70,265,0,400,66
7471.jpg,238,224,70,82,16,320,240
11156.jpg,154,151,70,30,183,184,334
7532.jpg,178,209,70,37,11,215,220
13695.jpg,93,153,70,140,93,233,246
7439.jpg,270,220,70,10,16,280,236
13723.jpg,118,81,70,464,8,582,89
7520.jpg,324,264,70,16,24,340,288
7443.jpg,243,243,70,118,19,361,262
11160.jpg,438,356,70,3,4,441,360
16257.jpg,85,116,70,431,47,516,163
14812.jpg,126,164,70,416,54,542,218
13948.jpg,80,77,70,204,46,284,123
19.jpg,124,117,70,181,183,305,300
7503.jpg,308,274,70,172,112,480,386
11593.jpg,172,151,70,240,30,412,181
10646.jpg,480,354,70,0,6,480,360
7530.jpg,257,289,70,1,44,258,333
7461.jpg,374,288,70,26,12,400,300
7466.jpg,215,204,70,0,12,215,216
7522.jpg,185,190,70,41,120,226,310
22.jpg,120,85,70,250,35,370,120
9105.jpg,292,160,70,90,120,382,280
7467.jpg,184,198,70,46,48,230,246
14012.jpg,107,85,70,156,76,263,161
7469.jpg,247,187,70,142,23,389,210
7516.jpg,496,363,70,52,58,548,421
7455.jpg,205,184,70,91,37,296,221
7500.jpg,156,132,70,28,50,184,182
7496.jpg,253,235,70,15,67,268,302
7442.jpg,240,176,70,66,43,306,219
7515.jpg,600,385,70,0,25,600,410
7523.jpg,159,144,70,150,121,309,265
7454.jpg,432,375,70,0,0,432,375
7459.jpg,156,148,70,115,48,271,196
7517.jpg,270,282,70,85,18,355,300
7499.jpg,181,179,70,4,14,185,193
11141.jpg,340,273,70,45,61,385,334
7511.jpg,181,187,70,50,15,231,202
14069.jpg,125,115,70,171,96,296,211
16062.jpg,145,112,70,135,93,280,205
7456.jpg,260,217,70,140,42,400,259
7486.jpg,370,293,70,63,67,433,360
14596.jpg,80,82,70,206,51,286,133
10642.jpg,420,291,70,48,6,468,297
7458.jpg,483,381,70,66,69,549,450
13995.jpg,98,84,70,194,316,292,400
7528.jpg,346,230,70,20,13,366,243
7525.jpg,154,141,70,145,90,299,231
13982.jpg,78,67,70,200,94,278,161
7438.jpg,275,217,70,1,84,276,301
7450.jpg,201,186,70,54,21,255,207
7472.jpg,229,188,70,133,23,362,211
7533.jpg,171,158,70,25,46,196,204
7519.jpg,255,265,70,23,78,278,343
11433.jpg,332,351,70,103,0,435,351
7449.jpg,341,215,70,47,6,388,221
7497.jpg,184,166,70,225,166,409,332
9343.jpg,285,294,70,54,24,339,318
7491.jpg,402,330,70,158,46,560,376
14076.jpg,138,138,70,128,53,266,191
11161.jpg,168,156,70,21,186,189,342
7505.jpg,230,230,70,60,10,290,240
13990.jpg,222,220,70,418,244,640,464
7447.jpg,250,207,70,132,96,382,303
7526.jpg,349,279,70,72,67,421,346
7468.jpg,198,185,70,54,22,252,207
9113.jpg,267,216,70,108,36,375,252
7513.jpg,369,275,70,131,100,500,375
12521.jpg,98,64,70,124,104,222,168
7537.jpg,198,186,70,61,73,259,259
15286.jpg,159,121,70,394,7,553,128
15104.jpg,131,117,70,390,36,521,153
13690.jpg,103,132,70,210,108,313,240
7445.jpg,166,170,70,78,52,244,222
15179.jpg,64,79,70,407,57,471,136
7451.jpg,255,255,70,71,12,326,267
7441.jpg,133,129,70,72,40,205,169
7501.jpg,233,283,70,27,64,260,347
7571.jpg,195,118,71,40,47,235,165
7574.jpg,222,125,71,13,85,235,210
7566.jpg,182,126,71,22,20,204,146
7553.jpg,173,158,71,57,27,230,185
7583.jpg,309,328,71,87,15,396,343
7591.jpg,156,122,71,0,61,156,183
7549.jpg,200,112,71,0,24,200,136
7556.jpg,439,343,71,186,118,625,461
7631.jpg,151,138,71,39,51,190,189
7625.jpg,217,215,71,0,30,217,245
7589.jpg,126,161,71,0,55,126,216
9244.jpg,120,309,71,69,96,189,405
7603.jpg,268,245,71,214,0,482,245
10909.jpg,285,115,71,75,135,360,250
10909.jpg,336,138,71,15,208,351,346
7548.jpg,264,202,71,46,39,310,241
7601.jpg,265,239,71,33,0,298,239
7547.jpg,230,181,71,0,36,230,217
7568.jpg,225,172,71,100,73,325,245
7561.jpg,250,249,71,39,0,289,249
7595.jpg,240,160,71,0,0,240,160
7636.jpg,400,300,71,0,0,400,300
7588.jpg,640,400,71,0,30,640,430
7602.jpg,157,120,71,0,22,157,142
7596.jpg,180,126,71,0,15,180,141
7565.jpg,250,126,71,0,25,250,151
7593.jpg,227,180,71,12,13,239,193
7582.jpg,204,163,71,12,30,216,193
7611.jpg,240,176,71,10,45,250,221
7606.jpg,234,174,71,0,0,234,174
7622.jpg,351,275,71,1,2,352,277
7598.jpg,200,200,71,0,0,200,200
7587.jpg,434,374,71,10,13,444,387
7564.jpg,187,217,71,0,33,187,250
7572.jpg,218,147,71,18,80,236,227
7541.jpg,175,111,71,45,45,220,156
7551.jpg,165,113,71,35,0,200,113
7594.jpg,172,130,71,0,5,172,135
7578.jpg,213,186,71,0,53,213,239
15692.jpg,169,72,71,367,231,536,303
7563.jpg,264,142,71,46,64,310,206
7626.jpg,227,195,71,0,11,227,206
9059.jpg,361,270,71,168,140,529,410
7633.jpg,698,423,71,57,172,755,595
7632.jpg,170,178,71,11,31,181,209
7586.jpg,105,70,71,50,46,155,116
5183.jpg,113,108,71,0,60,113,168
7575.jpg,226,170,71,3,55,229,225
7545.jpg,230,158,71,0,51,230,209
7614.jpg,204,147,71,0,3,204,150
7558.jpg,213,159,71,52,41,265,200
7627.jpg,201,180,71,63,26,264,206
7592.jpg,230,162,71,0,22,230,184
7597.jpg,189,129,71,2,2,191,131
7584.jpg,280,231,71,0,105,280,336
7543.jpg,265,200,71,41,32,306,232
7576.jpg,223,173,71,10,5,233,178
7609.jpg,178,142,71,9,8,187,150
7619.jpg,249,113,71,1,40,250,153
7550.jpg,241,179,71,0,21,241,200
7613.jpg,242,185,71,8,5,250,190
5109.jpg,168,102,71,432,6,600,108
7546.jpg,202,129,71,23,26,225,155
7554.jpg,156,130,71,0,41,156,171
7607.jpg,104,59,71,22,7,126,66
7539.jpg,212,172,71,8,20,220,192
7562.jpg,233,183,71,34,0,267,183
7555.jpg,187,200,71,14,5,201,205
7617.jpg,251,188,71,10,0,261,188
7538.jpg,194,133,71,12,23,206,156
7634.jpg,267,210,71,28,11,295,221
7590.jpg,222,148,71,18,30,240,178
11140.jpg,302,109,71,1,180,303,289
7559.jpg,209,221,71,82,9,291,230
7623.jpg,150,122,71,20,8,170,130
7616.jpg,183,150,71,0,0,183,150
7540.jpg,350,227,71,0,9,350,236
10788.jpg,91,265,71,81,111,172,376
7560.jpg,320,199,71,0,14,320,213
7569.jpg,174,123,71,11,46,185,169
7618.jpg,226,202,71,46,26,272,228
7600.jpg,246,150,71,0,15,246,165
7608.jpg,225,174,71,0,0,225,174
7567.jpg,189,146,71,18,16,207,162
7635.jpg,272,215,71,28,10,300,225
7579.jpg,204,144,71,24,12,228,156
7542.jpg,198,133,71,21,30,219,163
15428.jpg,138,117,71,406,229,544,346
7670.jpg,490,333,72,0,0,490,333
7717.jpg,605,467,72,24,13,629,480
7644.jpg,227,191,72,0,0,227,191
7705.jpg,367,257,72,0,0,367,257
7658.jpg,295,197,72,0,0,295,197
7681.jpg,480,538,72,0,74,480,612
7683.jpg,314,220,72,0,16,314,236
7716.jpg,320,240,72,0,0,320,240
16741.jpg,449,337,72,1,0,450,337
13957.jpg,474,430,72,44,22,518,452
16740.jpg,452,356,72,19,3,471,359
7653.jpg,267,200,72,0,0,267,200
9067.jpg,432,478,72,29,36,461,514
7724.jpg,512,384,72,0,0,512,384
7645.jpg,234,180,72,46,26,280,206
7707.jpg,188,184,72,0,0,188,184
7646.jpg,240,180,72,0,0,240,180
11432.jpg,370,360,72,42,0,412,360
7729.jpg,267,200,72,0,0,267,200
16719.jpg,630,473,72,6,1,636,474
7659.jpg,220,142,72,0,0,220,142
10592.jpg,360,430,72,0,0,360,430
7698.jpg,300,220,72,8,20,308,240
7731.jpg,600,396,72,0,51,600,447
7692.jpg,667,470,72,0,0,667,470
7699.jpg,165,138,72,9,1,174,139
7639.jpg,240,180,72,0,0,240,180
14641.jpg,570,450,72,20,4,590,454
7728.jpg,163,123,72,6,3,169,126
7678.jpg,300,275,72,0,13,300,288
16775.jpg,448,334,72,1,0,449,334
7642.jpg,196,133,72,24,12,220,145
7689.jpg,180,143,72,0,0,180,143
7685.jpg,441,286,72,0,43,441,329
7647.jpg,196,147,72,0,0,196,147
7687.jpg,400,292,72,0,8,400,300
16749.jpg,598,478,72,28,2,626,480
7680.jpg,283,218,72,24,0,307,218
7718.jpg,299,223,72,21,28,320,251
7656.jpg,157,140,72,16,0,173,140
7702.jpg,190,141,72,0,0,190,141
7673.jpg,227,148,72,8,0,235,148
7649.jpg,186,140,72,0,0,186,140
7663.jpg,200,200,72,0,0,200,200
7650.jpg,341,390,72,0,26,341,416
7726.jpg,300,225,72,0,0,300,225
7714.jpg,500,263,72,50,0,550,263
7732.jpg,650,176,72,0,0,650,176
7733.jpg,360,258,72,0,0,360,258
7694.jpg,320,240,72,0,0,320,240
7710.jpg,800,600,72,0,0,800,600
7674.jpg,200,151,72,0,49,200,200
7737.jpg,530,480,72,0,0,530,480
7666.jpg,164,131,72,9,4,173,135
7655.jpg,256,193,72,0,21,256,214
7640.jpg,441,210,72,47,65,488,275
7697.jpg,350,263,72,0,0,350,263
7677.jpg,300,232,72,0,0,300,232
7704.jpg,223,134,72,7,50,230,184
7654.jpg,280,185,72,0,0,280,185
7735.jpg,350,318,72,0,0,350,318
7651.jpg,378,259,72,0,51,378,310
7688.jpg,210,158,72,0,0,210,158
7662.jpg,186,140,72,0,0,186,140
7691.jpg,352,264,72,0,0,352,264
7679.jpg,328,247,72,0,4,328,251
7657.jpg,200,143,72,0,7,200,150
14304.jpg,392,411,72,56,42,448,453
11343.jpg,309,291,72,87,54,396,345
7686.jpg,624,455,72,6,8,630,463
7700.jpg,180,111,72,0,46,180,157
16797.jpg,583,372,72,33,82,616,454
7641.jpg,294,142,72,8,56,302,198
14876.jpg,370,370,72,10,70,380,440
7709.jpg,400,285,72,0,0,400,285
7693.jpg,234,129,72,6,27,240,156
7734.jpg,240,180,72,0,0,240,180
7730.jpg,272,157,72,28,0,300,157
16007.jpg,433,350,72,93,5,526,355
7665.jpg,158,131,72,17,4,175,135
7684.jpg,278,236,72,42,4,320,240
16724.jpg,630,477,72,4,0,634,477
7660.jpg,156,133,72,14,1,170,134
7720.jpg,568,422,72,32,0,600,422
7667.jpg,177,114,72,9,26,186,140
7713.jpg,310,224,72,10,16,320,240
7682.jpg,260,168,72,0,16,260,184
7722.jpg,469,436,72,100,44,569,480
7638.jpg,385,300,72,15,0,400,300
7675.jpg,198,157,72,17,73,215,230
7669.jpg,380,217,72,0,68,380,285
7708.jpg,185,148,72,14,2,199,150
7652.jpg,191,138,72,0,45,191,183
7750.jpg,568,562,73,120,23,688,585
7777.jpg,384,288,73,0,0,384,288
9126.jpg,174,412,73,100,9,274,421
7827.jpg,120,90,73,0,0,120,90
7738.jpg,592,480,73,33,0,625,480
7774.jpg,294,207,73,25,37,319,244
7792.jpg,145,142,73,48,21,193,163
7799.jpg,210,280,73,0,0,210,280
7811.jpg,256,175,73,14,28,270,203
7784.jpg,220,164,73,0,36,220,200
7781.jpg,197,131,73,6,28,203,159
7751.jpg,517,400,73,36,65,553,465
7789.jpg,197,142,73,3,8,200,150
7757.jpg,408,283,73,40,32,448,315
7825.jpg,400,300,73,0,0,400,300
7809.jpg,240,286,73,0,10,240,296
7749.jpg,480,288,73,0,24,480,312
7788.jpg,513,412,73,76,40,589,452
7770.jpg,192,129,73,0,15,192,144
7739.jpg,378,278,73,0,30,378,308
7771.jpg,450,337,73,0,0,450,337
7765.jpg,220,136,73,0,0,220,136
7833.jpg,480,360,73,0,0,480,360
9256.jpg,402,246,73,36,51,438,297
7778.jpg,250,190,73,0,0,250,190
7802.jpg,300,225,73,0,0,300,225
7793.jpg,224,127,73,0,44,224,171
7741.jpg,445,334,73,0,0,445,334
7753.jpg,229,185,73,11,2,240,187
7813.jpg,320,240,73,0,0,320,240
7824.jpg,678,529,73,52,0,730,529
7785.jpg,236,228,73,0,56,236,284
7803.jpg,300,225,73,0,0,300,225
7800.jpg,180,135,73,0,0,180,135
7816.jpg,320,240,73,0,0,320,240
13720.jpg,246,202,73,70,180,316,382
7740.jpg,400,285,73,0,0,400,285
7796.jpg,720,448,73,0,92,720,540
13734.jpg,240,211,73,320,149,560,360
7798.jpg,400,287,73,0,0,400,287
7780.jpg,352,264,73,0,0,352,264
7764.jpg,230,230,73,0,0,230,230
7830.jpg,400,258,73,0,42,400,300
7815.jpg,478,259,73,22,93,500,352
7758.jpg,196,147,73,0,0,196,147
7820.jpg,269,190,73,31,0,300,190
7810.jpg,240,302,73,0,10,240,312
7761.jpg,300,255,73,0,0,300,255
7776.jpg,200,124,73,31,47,231,171
14033.jpg,286,170,73,0,243,286,413
7819.jpg,270,188,73,20,20,290,208
7742.jpg,400,298,73,0,0,400,298
7818.jpg,240,266,73,0,0,240,266
7794.jpg,291,196,73,46,59,337,255
7831.jpg,300,206,73,0,19,300,225
7766.jpg,200,176,73,0,24,200,200
7756.jpg,350,273,73,0,49,350,322
7769.jpg,312,240,73,0,0,312,240
7743.jpg,300,262,73,0,18,300,280
7755.jpg,331,257,73,10,0,341,257
7752.jpg,320,208,73,0,0,320,208
7808.jpg,320,240,73,0,0,320,240
7805.jpg,171,153,73,33,0,204,153
7760.jpg,250,250,73,0,0,250,250
7821.jpg,461,343,73,0,3,461,346
15885.jpg,327,203,73,81,155,408,358
7748.jpg,270,219,73,0,57,270,276
7744.jpg,201,166,73,40,0,241,166
14357.jpg,338,213,73,0,80,338,293
7795.jpg,800,546,73,0,54,800,600
7767.jpg,154,146,73,22,33,176,179
7797.jpg,300,221,73,0,0,300,221
7804.jpg,300,225,73,0,0,300,225
7747.jpg,320,240,73,0,0,320,240
7762.jpg,320,240,73,0,0,320,240
7786.jpg,164,107,73,20,15,184,122
7790.jpg,346,274,73,59,50,405,324
7834.jpg,196,184,73,0,0,196,184
7835.jpg,180,240,73,0,0,180,240
7745.jpg,280,210,73,0,0,280,210
7773.jpg,203,217,73,59,32,262,249
7768.jpg,432,213,73,4,68,436,281
7763.jpg,206,208,73,114,32,320,240
7791.jpg,450,338,73,0,0,450,338
7836.jpg,301,249,73,0,22,301,271
7917.jpg,600,423,74,0,39,600,462
7904.jpg,188,174,74,27,23,215,197
7905.jpg,300,225,74,0,0,300,225
7865.jpg,245,167,74,12,22,257,189
7888.jpg,240,160,74,0,0,240,160
7880.jpg,152,116,74,43,50,195,166
7884.jpg,480,365,74,44,96,524,461
7858.jpg,350,250,74,0,0,350,250
7914.jpg,336,167,74,7,4,343,171
7870.jpg,250,193,74,0,0,250,193
7881.jpg,200,171,74,13,46,213,217
16726.jpg,331,241,74,21,30,352,271
7932.jpg,227,177,74,0,0,227,177
7844.jpg,400,300,74,0,0,400,300
7890.jpg,800,600,74,0,0,800,600
7869.jpg,300,185,74,0,0,300,185
7874.jpg,252,188,74,26,0,278,188
7861.jpg,320,240,74,0,0,320,240
7840.jpg,240,180,74,0,0,240,180
7887.jpg,179,127,74,59,15,238,142
7839.jpg,400,300,74,0,0,400,300
7899.jpg,245,189,74,0,0,245,189
7864.jpg,279,207,74,7,7,286,214
7863.jpg,240,320,74,0,0,240,320
7889.jpg,155,99,74,40,21,195,120
7925.jpg,261,211,74,0,0,261,211
16729.jpg,397,283,74,2,89,399,372
7867.jpg,300,225,74,0,0,300,225
7860.jpg,600,450,74,0,0,600,450
7882.jpg,197,177,74,0,0,197,177
7862.jpg,180,152,74,0,0,180,152
7852.jpg,240,143,74,0,37,240,180
7885.jpg,350,250,74,0,0,350,250
16756.jpg,591,421,74,46,3,637,424
7907.jpg,300,239,74,0,0,300,239
7847.jpg,560,420,74,0,0,560,420
16783.jpg,290,190,74,45,80,335,270
7851.jpg,180,135,74,0,0,180,135
7906.jpg,234,177,74,27,16,261,193
7900.jpg,165,130,74,22,3,187,133
13723.jpg,206,154,74,70,41,276,195
7838.jpg,400,266,74,0,0,400,266
7915.jpg,142,193,74,13,5,155,198
7923.jpg,280,220,74,0,0,280,220
7896.jpg,250,130,74,0,7,250,137
7846.jpg,255,203,74,14,7,269,210
7843.jpg,300,225,74,0,0,300,225
7876.jpg,240,162,74,0,0,240,162
7936.jpg,122,130,74,101,0,223,130
7911.jpg,286,199,74,9,7,295,206
16743.jpg,400,251,74,0,0,400,251
7931.jpg,300,210,74,0,15,300,225
7854.jpg,197,139,74,3,0,200,139
7921.jpg,186,172,74,21,16,207,188
4976.jpg,192,135,74,67,0,259,135
7933.jpg,135,86,74,18,17,153,103
7859.jpg,158,111,74,24,6,182,117
7841.jpg,550,394,74,0,63,550,457
7916.jpg,644,422,74,56,70,700,492
7891.jpg,400,290,74,0,0,400,290
7857.jpg,200,150,74,0,0,200,150
13237.jpg,136,62,74,176,0,312,62
7929.jpg,250,139,74,7,9,257,148
7845.jpg,240,180,74,0,0,240,180
7848.jpg,196,147,74,0,0,196,147
7894.jpg,210,153,74,9,4,219,157
7924.jpg,175,150,74,0,0,175,150
7877.jpg,500,375,74,0,0,500,375
7866.jpg,660,465,74,0,70,660,535
7895.jpg,300,300,74,0,0,300,300
7886.jpg,152,142,74,88,36,240,178
7930.jpg,268,171,74,87,36,355,207
16790.jpg,634,336,74,2,3,636,339
7893.jpg,340,269,74,0,0,340,269
7872.jpg,375,267,74,25,0,400,267
7898.jpg,304,218,74,8,0,312,218
7934.jpg,148,74,74,23,27,171,101
7912.jpg,160,120,74,0,0,160,120
7909.jpg,216,162,74,50,46,266,208
7856.jpg,142,150,74,0,0,142,150
7892.jpg,266,200,74,0,0,266,200
7849.jpg,300,210,74,0,3,300,213
7853.jpg,200,155,74,0,45,200,200
7901.jpg,122,123,74,41,33,163,156
7920.jpg,200,160,74,0,0,200,160
7937.jpg,320,240,74,0,0,320,240
7873.jpg,269,192,74,25,51,294,243
7997.jpg,391,231,75,23,20,414,251
7954.jpg,131,106,75,30,26,161,132
16788.jpg,637,476,75,0,1,637,477
8026.jpg,262,212,75,71,37,333,249
7987.jpg,138,81,75,28,49,166,130
8004.jpg,330,280,75,99,76,429,356
7959.jpg,255,168,75,45,12,300,180
8019.jpg,226,200,75,54,28,280,228
8021.jpg,272,220,75,31,14,303,234
7968.jpg,275,215,75,73,31,348,246
8006.jpg,310,261,75,0,39,310,300
7996.jpg,600,313,75,0,24,600,337
8010.jpg,457,274,75,16,142,473,416
7939.jpg,166,125,75,46,42,212,167
7969.jpg,312,262,75,38,0,350,262
8005.jpg,426,330,75,22,1,448,331
8011.jpg,281,190,75,0,70,281,260
7953.jpg,318,238,75,0,0,318,238
7958.jpg,121,80,75,17,22,138,102
7977.jpg,211,174,75,135,66,346,240
14400.jpg,310,296,75,336,41,646,337
7982.jpg,250,210,75,0,0,250,210
7962.jpg,250,187,75,0,0,250,187
7993.jpg,630,426,75,0,47,630,473
7952.jpg,160,92,75,0,28,160,120
7981.jpg,235,129,75,7,27,242,156
7944.jpg,571,424,75,0,0,571,424
7943.jpg,395,240,75,40,38,435,278
7979.jpg,252,144,75,9,34,261,178
8030.jpg,266,186,75,0,214,266,400
7963.jpg,175,127,75,0,0,175,127
7974.jpg,450,337,75,0,0,450,337
7992.jpg,300,225,75,0,0,300,225
8014.jpg,191,150,75,58,51,249,201
7950.jpg,640,480,75,0,0,640,480
8031.jpg,570,396,75,0,31,570,427
7949.jpg,463,373,75,57,29,520,402
7972.jpg,640,480,75,0,0,640,480
9230.jpg,316,343,75,21,42,337,385
8035.jpg,200,150,75,0,0,200,150
7975.jpg,227,142,75,23,13,250,155
7970.jpg,320,240,75,0,0,320,240
7948.jpg,250,146,75,27,34,277,180
8033.jpg,480,544,75,0,0,480,544
7964.jpg,136,108,75,28,11,164,119
8032.jpg,176,240,75,0,0,176,240
8017.jpg,326,231,75,31,27,357,258
13776.jpg,120,88,75,184,54,304,142
8009.jpg,500,578,75,0,122,500,700
8022.jpg,380,314,75,85,42,465,356
8001.jpg,160,120,75,0,0,160,120
7961.jpg,236,168,75,0,0,236,168
7945.jpg,469,404,75,51,20,520,424
7999.jpg,640,480,75,0,0,640,480
7967.jpg,377,232,75,0,47,377,279
7957.jpg,310,210,75,74,28,384,238
8025.jpg,512,319,75,75,113,587,432
7941.jpg,176,136,75,71,66,247,202
8000.jpg,450,338,75,0,0,450,338
8003.jpg,240,320,75,0,0,240,320
7966.jpg,375,200,75,30,0,405,200
7995.jpg,364,258,75,33,32,397,290
8012.jpg,360,314,75,0,0,360,314
7989.jpg,330,198,75,77,21,407,219
7951.jpg,320,240,75,0,0,320,240
7965.jpg,210,186,75,58,46,268,232
7998.jpg,200,150,75,0,0,200,150
7942.jpg,260,212,75,0,13,260,225
7940.jpg,240,180,75,0,0,240,180
7956.jpg,240,180,75,0,0,240,180
7990.jpg,172,178,75,0,9,172,187
7991.jpg,224,137,75,28,36,252,173
7971.jpg,387,303,75,23,9,410,312
7994.jpg,294,294,75,77,10,371,304
8037.jpg,294,186,75,16,6,310,192
8034.jpg,452,324,75,25,27,477,351
7938.jpg,214,142,75,16,23,230,165
7986.jpg,300,225,75,0,0,300,225
8020.jpg,378,313,75,27,7,405,320
7978.jpg,237,152,75,33,30,270,182
7946.jpg,192,177,75,63,46,255,223
8016.jpg,200,157,75,0,0,200,157
15428.jpg,132,120,75,428,10,560,130
8059.jpg,200,133,76,0,0,200,133
15151.jpg,320,300,76,263,0,583,300
8105.jpg,226,184,76,19,0,245,184
9196.jpg,387,322,76,87,12,474,334
8127.jpg,320,240,76,0,0,320,240
8082.jpg,221,188,76,0,0,221,188
8075.jpg,164,123,76,0,0,164,123
8111.jpg,354,240,76,21,0,375,240
14687.jpg,562,390,76,31,27,593,417
8123.jpg,448,338,76,0,0,448,338
8046.jpg,163,156,76,39,28,202,184
8069.jpg,320,240,76,0,0,320,240
8051.jpg,198,147,76,21,13,219,160
8090.jpg,161,155,76,14,0,175,155
8079.jpg,166,127,76,21,21,187,148
8083.jpg,664,562,76,3,0,667,562
8136.jpg,318,232,76,0,6,318,238
8086.jpg,207,188,76,43,0,250,188
8109.jpg,200,150,76,0,0,200,150
8115.jpg,552,412,76,88,44,640,456
15289.jpg,396,390,76,204,60,600,450
8040.jpg,403,369,76,21,45,424,414
15346.jpg,269,249,76,78,0,347,249
8099.jpg,300,269,76,0,0,300,269
8049.jpg,171,165,76,62,0,233,165
8110.jpg,189,162,76,14,2,203,164
8068.jpg,179,150,76,1,0,180,150
8055.jpg,250,199,76,0,16,250,215
8052.jpg,225,180,76,13,0,238,180
8070.jpg,188,164,76,17,0,205,164
8064.jpg,180,171,76,0,9,180,180
8132.jpg,800,722,76,0,0,800,722
8039.jpg,445,337,76,0,7,445,344
8076.jpg,214,184,76,27,17,241,201
14731.jpg,246,204,76,45,30,291,234
11203.jpg,417,330,76,63,10,480,340
8092.jpg,164,126,76,12,9,176,135
14759.jpg,290,250,76,396,30,686,280
8118.jpg,146,120,76,7,0,153,120
10680.jpg,352,284,76,5,101,357,385
11695.jpg,378,392,76,23,19,401,411
11093.jpg,382,348,76,54,0,436,348
15382.jpg,338,293,76,22,78,360,371
15584.jpg,410,404,76,117,33,527,437
11651.jpg,339,336,76,60,0,399,336
8057.jpg,318,315,76,8,17,326,332
8063.jpg,325,288,76,68,14,393,302
11698.jpg,615,559,76,104,41,719,600
8081.jpg,698,601,76,16,0,714,601
15216.jpg,410,299,76,18,261,428,560
13462.jpg,82,65,76,43,50,125,115
14794.jpg,580,480,76,30,0,610,480
8078.jpg,143,122,76,6,20,149,142
8048.jpg,540,379,76,0,25,540,404
8058.jpg,69,80,76,24,0,93,80
13872.jpg,176,167,76,142,42,318,209
15786.jpg,315,310,76,0,112,315,422
8101.jpg,380,415,76,0,15,380,430
13243.jpg,258,242,76,20,206,278,448
8062.jpg,192,150,76,8,0,200,150
16117.jpg,336,261,76,7,172,343,433
8102.jpg,410,260,76,0,0,410,260
8113.jpg,312,301,76,0,14,312,315
8114.jpg,320,240,76,0,0,320,240
9149.jpg,275,193,76,40,156,315,349
8056.jpg,250,225,76,0,11,250,236
8061.jpg,223,187,76,18,0,241,187
8044.jpg,248,184,76,15,0,263,184
11413.jpg,480,471,76,0,9,480,480
8130.jpg,266,240,76,30,0,296,240
8054.jpg,188,160,76,25,0,213,160
14883.jpg,332,252,76,252,0,584,252
8133.jpg,276,279,76,346,50,622,329
15528.jpg,300,297,76,267,114,567,411
8121.jpg,429,311,76,98,109,527,420
8065.jpg,240,187,76,0,1,240,188
8119.jpg,522,400,76,42,0,564,400
15215.jpg,373,313,76,32,43,405,356
8042.jpg,350,245,76,0,0,350,245
15218.jpg,371,282,76,0,55,371,337
8067.jpg,180,206,76,0,0,180,206
14050.jpg,358,323,76,50,43,408,366
8134.jpg,172,140,76,0,0,172,140
8043.jpg,228,177,76,29,7,257,184
13868.jpg,141,125,76,62,0,203,125
8112.jpg,391,355,76,69,0,460,355
8106.jpg,169,150,76,2,32,171,182
8041.jpg,231,213,76,33,3,264,216
8072.jpg,189,174,76,0,45,189,219
8089.jpg,190,120,76,0,0,190,120
14762.jpg,343,271,76,0,81,343,352
8128.jpg,640,480,76,0,0,640,480
8038.jpg,334,250,76,0,0,334,250
11673.jpg,360,389,76,0,14,360,403
13983.jpg,137,125,76,25,6,162,131
8077.jpg,567,393,76,0,1,567,394
8135.jpg,496,403,76,144,77,640,480
9301.jpg,355,318,76,72,21,427,339
8091.jpg,161,158,76,12,0,173,158
8116.jpg,520,390,76,0,0,520,390
8137.jpg,640,480,76,0,0,640,480
14884.jpg,280,308,76,296,24,576,332
15368.jpg,267,232,76,201,4,468,236
15772.jpg,306,344,76,334,88,640,432
8129.jpg,312,226,76,8,14,320,240
8108.jpg,175,135,76,2,0,177,135
14795.jpg,518,462,76,64,0,582,462
8100.jpg,143,125,76,26,3,169,128
8107.jpg,173,128,76,20,0,193,128
8120.jpg,320,240,76,0,0,320,240
8125.jpg,800,789,76,0,0,800,789
8060.jpg,256,200,76,0,4,256,204
8050.jpg,800,672,76,0,5,800,677
8122.jpg,286,286,76,0,24,286,310
8094.jpg,200,150,76,0,0,200,150
8045.jpg,217,184,76,33,0,250,184
8066.jpg,178,150,76,0,0,178,150
8219.jpg,499,213,77,0,97,499,310
8179.jpg,400,300,77,0,0,400,300
8194.jpg,300,247,77,0,0,300,247
8210.jpg,450,300,77,0,0,450,300
8192.jpg,620,424,77,0,0,620,424
8141.jpg,227,170,77,0,0,227,170
8196.jpg,200,150,77,0,0,200,150
8197.jpg,352,288,77,0,0,352,288
8237.jpg,448,336,77,0,0,448,336
8203.jpg,192,134,77,0,6,192,140
8159.jpg,350,263,77,0,0,350,263
15585.jpg,367,340,77,233,55,600,395
8138.jpg,167,99,77,26,26,193,125
8174.jpg,233,172,77,34,28,267,200
8215.jpg,187,226,77,0,0,187,226
8139.jpg,174,132,77,6,12,180,144
8164.jpg,325,248,77,54,48,379,296
8168.jpg,196,147,77,0,0,196,147
8229.jpg,250,188,77,0,0,250,188
8150.jpg,240,234,77,0,40,240,274
8191.jpg,175,144,77,0,6,175,150
8202.jpg,270,203,77,0,0,270,203
8212.jpg,198,128,77,22,11,220,139
8193.jpg,432,299,77,0,25,432,324
8209.jpg,350,139,77,0,57,350,196
8205.jpg,300,225,77,0,0,300,225
8222.jpg,300,199,77,0,0,300,199
8142.jpg,299,260,77,88,81,387,341
8234.jpg,150,113,77,0,0,150,113
8147.jpg,190,146,77,0,0,190,146
8223.jpg,263,306,77,0,11,263,317
14839.jpg,562,447,77,208,3,770,450
15780.jpg,278,305,77,23,103,301,408
16761.jpg,573,477,77,53,0,626,477
8225.jpg,138,155,77,78,0,216,155
8152.jpg,200,200,77,0,0,200,200
15577.jpg,368,352,77,148,11,516,363
8170.jpg,279,225,77,21,0,300,225
8143.jpg,240,165,77,60,3,300,168
8161.jpg,450,299,77,0,0,450,299
8146.jpg,180,110,77,0,10,180,120
8207.jpg,212,163,77,0,0,212,163
8233.jpg,320,188,77,0,52,320,240
8198.jpg,220,165,77,0,0,220,165
8149.jpg,169,139,77,24,24,193,163
8221.jpg,266,158,77,28,54,294,212
8163.jpg,620,424,77,0,0,620,424
8162.jpg,400,300,77,0,0,400,300
8154.jpg,577,433,77,0,0,577,433
8218.jpg,280,235,77,0,0,280,235
8231.jpg,300,400,77,0,0,300,400
15416.jpg,343,318,77,244,47,587,365
8204.jpg,320,240,77,0,0,320,240
8213.jpg,560,480,77,50,0,610,480
8182.jpg,173,145,77,10,0,183,145
8236.jpg,268,185,77,0,0,268,185
8157.jpg,213,197,77,51,8,264,205
8214.jpg,320,240,77,0,0,320,240
15603.jpg,376,355,77,220,15,596,370
8156.jpg,250,188,77,0,0,250,188
8175.jpg,180,154,77,0,0,180,154
8171.jpg,800,600,77,0,0,800,600
16762.jpg,582,377,77,10,31,592,408
8232.jpg,324,214,77,126,86,450,300
8199.jpg,390,279,77,60,21,450,300
8172.jpg,320,213,77,0,0,320,213
8189.jpg,333,278,77,57,22,390,300
8190.jpg,167,113,77,4,7,171,120
8165.jpg,99,71,77,0,0,99,71
8185.jpg,220,126,77,0,39,220,165
8183.jpg,378,300,77,30,0,408,300
8167.jpg,800,533,77,0,0,800,533
8158.jpg,250,210,77,0,40,250,250
8155.jpg,225,220,77,0,0,225,220
8145.jpg,305,241,77,5,45,310,286
8186.jpg,182,158,77,16,20,198,178
8188.jpg,400,300,77,0,0,400,300
8180.jpg,204,156,77,0,0,204,156
16754.jpg,574,442,77,1,0,575,442
16757.jpg,637,472,77,1,4,638,476
8224.jpg,170,233,77,0,13,170,246
8144.jpg,415,271,77,86,113,501,384
8151.jpg,192,142,77,0,0,192,142
15621.jpg,292,270,77,41,118,333,388
8160.jpg,300,423,77,0,0,300,423
8184.jpg,331,297,77,23,23,354,320
8228.jpg,320,216,77,0,24,320,240
8187.jpg,350,367,77,25,0,375,367
8336.jpg,85,72,78,58,38,143,110
8328.jpg,180,92,78,0,106,180,198
8275.jpg,567,412,78,0,0,567,412
8322.jpg,306,176,78,2,42,308,218
8281.jpg,300,165,78,0,24,300,189
8334.jpg,358,179,78,0,0,358,179
8238.jpg,330,161,78,43,36,373,197
8280.jpg,209,268,78,1,0,210,268
8298.jpg,290,189,78,0,0,290,189
8297.jpg,462,371,78,76,0,538,371
8273.jpg,298,214,78,14,18,312,232
10916.jpg,360,255,78,0,144,360,399
10916.jpg,337,181,78,9,1,346,182
15785.jpg,535,338,78,65,63,600,401
10688.jpg,288,477,78,30,3,318,480
8257.jpg,302,164,78,12,32,314,196
8332.jpg,546,410,78,0,3,546,413
8283.jpg,395,334,78,0,13,395,347
8305.jpg,288,194,78,20,46,308,240
8286.jpg,344,210,78,8,23,352,233
8291.jpg,660,388,78,0,0,660,388
8242.jpg,348,263,78,81,23,429,286
8293.jpg,476,349,78,274,0,750,349
8251.jpg,496,291,78,39,34,535,325
8318.jpg,249,254,78,108,46,357,300
8265.jpg,169,146,78,112,87,281,233
8284.jpg,262,134,78,8,6,270,140
8266.jpg,226,124,78,10,16,236,140
11453.jpg,277,285,78,3,105,280,390
8325.jpg,352,212,78,0,47,352,259
8239.jpg,258,168,78,36,28,294,196
8300.jpg,388,204,78,9,29,397,233
8331.jpg,250,151,78,0,19,250,170
8285.jpg,430,230,78,36,19,466,249
10841.jpg,405,216,78,19,90,424,306
8304.jpg,438,293,78,12,27,450,320
8253.jpg,196,140,78,2,13,198,153
8326.jpg,145,120,78,15,0,160,120
9157.jpg,290,480,78,31,0,321,480
8259.jpg,448,255,78,0,54,448,309
8241.jpg,268,158,78,30,58,298,216
8262.jpg,156,90,78,27,27,183,117
11081.jpg,390,354,78,27,0,417,354
8279.jpg,469,632,78,9,0,478,632
8249.jpg,144,88,78,18,51,162,139
8260.jpg,302,214,78,18,22,320,236
16313.jpg,509,354,78,88,58,597,412
8287.jpg,314,208,78,6,20,320,228
8324.jpg,402,286,78,167,7,569,293
8269.jpg,242,174,78,15,12,257,186
8277.jpg,291,195,78,9,1,300,196
8289.jpg,250,196,78,62,14,312,210
8337.jpg,265,160,78,110,109,375,269
8314.jpg,145,107,78,76,14,221,121
8245.jpg,54,44,78,21,15,75,59
9328.jpg,380,199,78,19,75,399,274
8335.jpg,566,412,78,30,16,596,428
8278.jpg,389,276,78,4,5,393,281
8320.jpg,800,462,78,0,109,800,571
8255.jpg,135,135,78,18,9,153,144
11080.jpg,375,246,78,22,45,397,291
8313.jpg,234,194,78,29,14,263,208
8316.jpg,128,103,78,44,37,172,140
8310.jpg,308,218,78,12,8,320,226
8254.jpg,185,118,78,7,25,192,143
9271.jpg,196,417,78,48,19,244,436
8267.jpg,485,291,78,93,67,578,358
8307.jpg,447,277,78,18,11,465,288
8250.jpg,494,280,78,30,35,524,315
8330.jpg,500,361,78,0,0,500,361
8247.jpg,186,156,78,50,32,236,188
8292.jpg,281,235,78,32,0,313,235
8263.jpg,152,106,78,73,162,225,268
8274.jpg,232,234,78,3,0,235,234
10823.jpg,246,423,78,12,3,258,426
10691.jpg,345,202,78,4,138,349,340
8282.jpg,177,197,78,69,10,246,207
9161.jpg,345,186,78,0,144,345,330
8333.jpg,360,266,78,46,14,406,280
8288.jpg,181,304,78,79,100,260,404
8258.jpg,171,114,78,72,66,243,180
8256.jpg,118,106,78,22,18,140,124
8299.jpg,212,143,78,13,0,225,143
15566.jpg,382,255,78,0,0,382,255
10915.jpg,358,241,78,0,85,358,326
8317.jpg,346,244,78,0,1,346,245
10704.jpg,360,222,78,0,151,360,373
8308.jpg,301,183,78,45,45,346,228
8309.jpg,133,100,78,0,0,133,100
8302.jpg,387,252,78,28,39,415,291
8252.jpg,258,134,78,30,64,288,198
15567.jpg,447,283,78,0,6,447,289
10892.jpg,243,414,78,45,0,288,414
8270.jpg,180,97,78,17,22,197,119
8244.jpg,224,240,78,50,0,274,240
8294.jpg,196,102,78,69,73,265,175
8240.jpg,193,151,78,10,24,203,175
8246.jpg,278,150,78,28,44,306,194
8363.jpg,105,77,79,126,34,231,111
8366.jpg,389,270,79,0,0,389,270
8403.jpg,563,437,79,23,15,586,452
15098.jpg,349,187,79,78,94,427,281
8434.jpg,600,450,79,0,0,600,450
8390.jpg,187,150,79,0,0,187,150
10798.jpg,265,424,79,0,30,265,454
8341.jpg,380,380,79,0,0,380,380
15457.jpg,529,450,79,19,0,548,450
16508.jpg,305,212,79,54,52,359,264
8428.jpg,320,240,79,0,0,320,240
8355.jpg,127,104,79,16,9,143,113
8354.jpg,547,355,79,53,33,600,388
8350.jpg,260,260,79,0,0,260,260
8388.jpg,176,144,79,0,0,176,144
8395.jpg,350,222,79,0,12,350,234
8432.jpg,301,345,79,0,19,301,364
8416.jpg,550,450,79,0,0,550,450
9041.jpg,378,216,79,45,69,423,285
8345.jpg,460,282,79,20,61,480,343
8339.jpg,265,250,79,53,65,318,315
8384.jpg,170,128,79,0,0,170,128
8358.jpg,669,502,79,65,12,734,514
8392.jpg,350,145,79,0,88,350,233
8412.jpg,264,192,79,40,30,304,222
8357.jpg,279,301,79,322,0,601,301
8349.jpg,240,158,79,13,14,253,172
10848.jpg,270,478,79,16,0,286,478
8347.jpg,160,120,79,0,0,160,120
8356.jpg,300,219,79,0,0,300,219
8400.jpg,450,309,79,0,0,450,309
10893.jpg,358,447,79,0,12,358,459
8362.jpg,213,128,79,0,14,213,142
8397.jpg,522,391,79,0,0,522,391
8410.jpg,580,151,79,0,100,580,251
8343.jpg,472,222,79,0,0,472,222
8423.jpg,300,208,79,0,0,300,208
8387.jpg,350,233,79,0,0,350,233
8370.jpg,300,225,79,0,0,300,225
8378.jpg,250,185,79,0,0,250,185
8361.jpg,200,235,79,0,15,200,250
8380.jpg,350,280,79,0,70,350,350
8427.jpg,210,174,79,110,66,320,240
8402.jpg,133,100,79,0,0,133,100
8352.jpg,240,180,79,0,0,240,180
8344.jpg,609,458,79,0,0,609,458
8407.jpg,449,299,79,0,0,449,299
8425.jpg,320,240,79,0,0,320,240
8385.jpg,322,430,79,0,0,322,430
8386.jpg,640,480,79,0,0,640,480
8391.jpg,234,190,79,19,3,253,193
8340.jpg,280,124,79,0,143,280,267
8421.jpg,256,192,79,0,0,256,192
8435.jpg,538,709,79,0,91,538,800
8413.jpg,310,224,79,10,0,320,224
8348.jpg,640,363,79,0,117,640,480
8419.jpg,711,493,79,0,107,711,600
8373.jpg,300,300,79,0,0,300,300
8382.jpg,160,120,79,0,0,160,120
8408.jpg,589,441,79,0,0,589,441
8372.jpg,609,458,79,0,0,609,458
10999.jpg,462,338,79,10,13,472,351
10787.jpg,174,418,79,21,12,195,430
8420.jpg,800,531,79,0,0,800,531
8383.jpg,165,124,79,0,0,165,124
8405.jpg,200,150,79,0,0,200,150
9062.jpg,443,299,79,16,22,459,321
8394.jpg,171,116,79,0,0,171,116
11007.jpg,384,219,79,51,66,435,285
8389.jpg,160,120,79,0,0,160,120
8376.jpg,522,336,79,0,55,522,391
8401.jpg,300,174,79,0,0,300,174
8353.jpg,600,233,79,0,88,600,321
8381.jpg,196,147,79,0,0,196,147
8396.jpg,328,189,79,40,39,368,228
8359.jpg,300,225,79,0,0,300,225
8436.jpg,538,729,79,0,0,538,729
8431.jpg,320,240,79,0,0,320,240
8360.jpg,292,221,79,0,4,292,225
15924.jpg,306,234,79,181,55,487,289
9281.jpg,175,400,79,24,39,199,439
15471.jpg,289,166,79,26,49,315,215
8411.jpg,251,184,79,29,21,280,205
8369.jpg,200,150,79,0,0,200,150
9282.jpg,468,228,79,12,69,480,297
8417.jpg,386,389,79,14,87,400,476
8342.jpg,404,321,79,37,39,441,360
8377.jpg,181,142,79,0,0,181,142
8365.jpg,256,170,79,12,18,268,188
10790.jpg,453,318,79,21,12,474,330
8433.jpg,600,360,79,0,0,600,360
10860.jpg,307,354,79,60,3,367,357
8368.jpg,350,262,79,0,0,350,262
8437.jpg,228,159,79,0,66,228,225
16755.jpg,430,219,80,36,91,466,310
8452.jpg,270,240,80,0,0,270,240
8494.jpg,100,120,80,29,0,129,120
8465.jpg,145,116,80,23,13,168,129
8523.jpg,240,288,80,0,16,240,304
8439.jpg,207,155,80,48,5,255,160
8534.jpg,240,240,80,0,0,240,240
8458.jpg,140,122,80,13,0,153,122
8498.jpg,232,263,80,119,0,351,263
8463.jpg,383,270,80,98,0,481,270
8455.jpg,143,99,80,57,0,200,99
8446.jpg,236,141,80,22,17,258,158
8493.jpg,160,240,80,74,0,234,240
8484.jpg,338,246,80,82,0,420,246
16767.jpg,313,259,80,86,29,399,288
8489.jpg,260,240,80,16,0,276,240
8481.jpg,187,141,80,23,71,210,212
8511.jpg,640,404,80,0,0,640,404
8453.jpg,196,193,80,45,20,241,213
12882.jpg,156,154,80,275,102,431,256
8519.jpg,498,419,80,21,0,519,419
16778.jpg,360,287,80,10,9,370,296
8503.jpg,310,240,80,10,0,320,240
8475.jpg,218,204,80,22,56,240,260
8459.jpg,434,546,80,123,154,557,700
8531.jpg,235,156,80,0,20,235,176
8476.jpg,194,153,80,10,0,204,153
8500.jpg,314,230,80,6,0,320,230
8528.jpg,585,338,80,15,0,600,338
8537.jpg,350,204,80,0,61,350,265
8472.jpg,165,91,80,0,20,165,111
8495.jpg,726,411,80,0,35,726,446
8480.jpg,174,120,80,23,9,197,129
8529.jpg,108,120,80,58,0,166,120
8444.jpg,634,416,80,166,184,800,600
8499.jpg,400,384,80,16,0,416,384
8450.jpg,374,220,80,18,70,392,290
8515.jpg,640,357,80,20,0,660,357
8488.jpg,253,210,80,0,0,253,210
8469.jpg,428,215,80,42,90,470,305
8492.jpg,130,94,80,32,3,162,97
8491.jpg,180,94,80,0,0,180,94
8505.jpg,178,131,80,15,0,193,131
8466.jpg,578,553,80,0,0,578,553
8460.jpg,231,168,80,42,12,273,180
8443.jpg,461,518,80,127,168,588,686
8520.jpg,396,201,80,26,73,422,274
16793.jpg,481,297,80,7,1,488,298
8440.jpg,264,237,80,0,0,264,237
8471.jpg,141,135,80,24,0,165,135
8497.jpg,394,529,80,49,129,443,658
8490.jpg,306,189,80,0,0,306,189
8485.jpg,212,210,80,33,0,245,210
8461.jpg,144,105,80,19,9,163,114
8536.jpg,255,179,80,35,21,290,200
8457.jpg,337,287,80,48,33,385,320
8445.jpg,191,187,80,9,13,200,200
8508.jpg,320,204,80,0,0,320,204
8524.jpg,399,189,80,81,228,480,417
8533.jpg,392,600,80,408,0,800,600
8456.jpg,200,240,80,48,0,248,240
8464.jpg,601,348,80,199,72,800,420
8513.jpg,268,206,80,16,22,284,228
8516.jpg,452,544,80,116,156,568,700
8448.jpg,244,162,80,121,0,365,162
16759.jpg,387,266,80,72,5,459,271
16784.jpg,298,211,80,54,57,352,268
11365.jpg,359,252,80,97,76,456,328
8468.jpg,122,130,80,37,10,159,140
8486.jpg,200,150,80,0,0,200,150
8451.jpg,274,240,80,4,0,278,240
8510.jpg,450,300,80,0,0,450,300
8462.jpg,151,107,80,24,11,175,118
8483.jpg,249,210,80,31,0,280,210
8487.jpg,223,198,80,31,12,254,210
8506.jpg,307,182,80,23,52,330,234
8532.jpg,136,186,80,75,25,211,211
8447.jpg,347,338,80,48,113,395,451
8514.jpg,340,340,80,165,6,505,346
8522.jpg,330,248,80,0,0,330,248
8504.jpg,291,221,80,25,4,316,225
8473.jpg,137,94,80,38,11,175,105
8438.jpg,245,191,80,5,45,250,236
8525.jpg,640,468,80,0,0,640,468
15179.jpg,140,109,80,192,131,332,240
16750.jpg,618,476,80,0,1,618,477
8442.jpg,313,316,80,128,4,441,320
8566.jpg,173,175,81,96,46,269,221
8622.jpg,240,244,81,0,26,240,270
13732.jpg,74,58,81,446,128,520,186
8591.jpg,126,105,81,57,21,183,126
11195.jpg,82,96,81,285,39,367,135
11195.jpg,107,102,81,181,84,288,186
11195.jpg,122,123,81,88,180,210,303
11195.jpg,114,111,81,210,183,324,294
8551.jpg,278,198,81,25,6,303,204
8559.jpg,282,230,81,0,0,282,230
8556.jpg,182,128,81,20,27,202,155
8632.jpg,180,159,81,0,9,180,168
8617.jpg,156,103,81,36,32,192,135
8554.jpg,194,54,81,2,44,196,98
8550.jpg,157,141,81,2,6,159,147
8579.jpg,117,85,81,42,29,159,114
8567.jpg,227,191,81,73,46,300,237
8597.jpg,338,264,81,6,0,344,264
8541.jpg,142,140,81,27,3,169,143
14603.jpg,235,245,81,95,80,330,325
8546.jpg,113,110,81,35,24,148,134
8630.jpg,152,63,81,8,28,160,91
8569.jpg,144,147,81,138,118,282,265
8581.jpg,84,43,81,59,32,143,75
8602.jpg,200,150,81,0,0,200,150
15334.jpg,482,374,81,9,0,491,374
8544.jpg,77,89,81,71,29,148,118
8545.jpg,90,70,81,66,32,156,102
8595.jpg,159,99,81,12,14,171,113
11178.jpg,210,63,81,28,0,238,63
16718.jpg,383,316,81,102,5,485,321
8584.jpg,451,378,81,0,0,451,378
9349.jpg,353,258,81,79,39,432,297
8540.jpg,135,108,81,30,23,165,131
8624.jpg,257,129,81,0,24,257,153
8548.jpg,107,56,81,115,41,222,97
8593.jpg,186,109,81,13,30,199,139
8606.jpg,167,102,81,76,51,243,153
8561.jpg,176,109,81,0,3,176,112
8611.jpg,159,72,81,69,67,228,139
9245.jpg,171,195,81,42,147,213,342
8587.jpg,297,203,81,3,7,300,210
8635.jpg,186,137,81,114,86,300,223
16747.jpg,640,474,81,2,0,642,474
8571.jpg,255,78,81,0,38,255,116
8586.jpg,196,131,81,4,0,200,131
8578.jpg,170,138,81,58,46,228,184
8609.jpg,430,232,81,0,15,430,247
11455.jpg,65,79,81,154,183,219,262
11455.jpg,78,88,81,46,218,124,306
11455.jpg,66,64,81,84,123,150,187
11455.jpg,67,69,81,36,156,103,225
13969.jpg,82,78,81,434,258,516,336
8570.jpg,216,101,81,126,116,342,217
8623.jpg,153,133,81,15,0,168,133
14152.jpg,186,226,81,454,80,640,306
8633.jpg,158,129,81,14,2,172,131
8613.jpg,160,108,81,63,42,223,150
8582.jpg,77,59,81,56,42,133,101
8558.jpg,122,107,81,58,20,180,127
8585.jpg,180,117,81,0,9,180,126
8614.jpg,200,150,81,0,0,200,150
8562.jpg,152,96,81,35,36,187,132
8592.jpg,150,101,81,29,22,179,123
8637.jpg,186,131,81,58,60,244,191
8577.jpg,216,190,81,0,10,216,200
8621.jpg,170,97,81,0,18,170,115
8564.jpg,112,104,81,75,24,187,128
13815.jpg,250,226,81,93,85,343,311
8590.jpg,102,89,81,33,25,135,114
8601.jpg,250,171,81,0,37,250,208
8589.jpg,800,498,81,0,34,800,532
8555.jpg,538,418,81,54,21,592,439
8620.jpg,289,281,81,85,34,374,315
8583.jpg,205,189,81,28,1,233,190
8598.jpg,288,265,81,0,0,288,265
8634.jpg,157,124,81,43,18,200,142
8604.jpg,276,202,81,22,2,298,204
8612.jpg,159,115,81,72,45,231,160
8553.jpg,179,155,81,40,36,219,191
10742.jpg,159,102,81,105,96,264,198
10742.jpg,113,131,81,61,166,174,297
10742.jpg,120,131,81,169,187,289,318
8543.jpg,114,66,81,33,23,147,89
8560.jpg,99,116,81,28,5,127,121
8563.jpg,252,145,81,25,54,277,199
8608.jpg,106,73,81,45,29,151,102
8573.jpg,141,105,81,50,23,191,128
8636.jpg,199,132,81,40,39,239,171
8574.jpg,138,102,81,35,18,173,120
8549.jpg,181,143,81,0,0,181,143
8626.jpg,261,150,81,8,38,269,188
8596.jpg,173,151,81,0,0,173,151
8542.jpg,228,172,81,64,26,292,198
8603.jpg,256,105,81,0,0,256,105
8618.jpg,313,235,81,5,50,318,285
8557.jpg,163,207,81,36,88,199,295
8538.jpg,129,79,81,82,41,211,120
8588.jpg,200,131,81,0,12,200,143
8660.jpg,282,175,82,50,44,332,219
8663.jpg,173,84,82,40,43,213,127
8685.jpg,167,83,82,6,32,173,115
8667.jpg,250,135,82,0,17,250,152
15925.jpg,294,315,82,306,67,600,382
8652.jpg,224,93,82,13,53,237,146
8711.jpg,167,103,82,0,12,167,115
11479.jpg,395,288,82,82,42,477,330
8640.jpg,160,64,82,0,37,160,101
10864.jpg,395,193,82,55,51,450,244
11071.jpg,472,287,82,0,43,472,330
8709.jpg,269,126,82,16,84,285,210
8668.jpg,225,154,82,18,5,243,159
8686.jpg,183,103,82,51,72,234,175
8681.jpg,555,224,82,26,189,581,413
8703.jpg,273,119,82,4,25,277,144
8679.jpg,216,115,82,15,65,231,180
8701.jpg,222,132,82,12,48,234,180
8707.jpg,218,148,82,24,92,242,240
8656.jpg,240,180,82,0,80,240,260
15526.jpg,365,364,82,235,37,600,401
15404.jpg,349,320,82,249,62,598,382
16688.jpg,451,396,82,18,66,469,462
15360.jpg,303,253,82,231,45,534,298
8722.jpg,609,280,82,0,66,609,346
10756.jpg,471,340,82,9,15,480,355
8678.jpg,349,126,82,20,83,369,209
8734.jpg,339,158,82,23,66,362,224
8680.jpg,409,249,82,39,45,448,294
8650.jpg,350,342,82,198,110,548,452
8658.jpg,367,236,82,25,50,392,286
8687.jpg,151,112,82,18,29,169,141
8718.jpg,380,262,82,260,128,640,390
8659.jpg,246,183,82,54,42,300,225
8646.jpg,156,76,82,43,39,199,115
8690.jpg,240,97,82,0,36,240,133
8674.jpg,162,100,82,28,30,190,130
11635.jpg,282,260,82,54,10,336,270
11632.jpg,235,228,82,132,39,367,267
8645.jpg,219,105,82,0,30,219,135
9221.jpg,407,325,82,25,9,432,334
10780.jpg,388,327,82,45,22,433,349
8731.jpg,220,104,82,33,64,253,168
8723.jpg,207,101,82,14,46,221,147
9322.jpg,374,276,82,16,57,390,333
8729.jpg,240,263,82,0,0,240,263
8724.jpg,216,113,82,48,49,264,162
8692.jpg,176,89,82,31,35,207,124
8702.jpg,223,97,82,36,57,259,154
8727.jpg,240,280,82,0,14,240,294
8730.jpg,151,79,82,5,28,156,107
8719.jpg,438,229,82,120,129,558,358
8651.jpg,492,215,82,84,201,576,416
8698.jpg,158,76,82,46,58,204,134
15225.jpg,635,381,82,5,45,640,426
14334.jpg,419,344,82,96,340,515,684
8676.jpg,166,67,82,0,31,166,98
8649.jpg,126,87,82,53,34,179,121
8717.jpg,423,282,82,47,60,470,342
8710.jpg,640,322,82,0,44,640,366
8682.jpg,384,188,82,44,42,428,230
8638.jpg,280,164,82,0,22,280,186
8673.jpg,167,106,82,25,24,192,130
8648.jpg,200,152,82,0,14,200,166
8677.jpg,204,170,82,52,18,256,188
8700.jpg,565,235,82,16,98,581,333
8644.jpg,159,81,82,51,37,210,118
8706.jpg,320,170,82,0,36,320,206
8721.jpg,366,178,82,212,94,578,272
8675.jpg,193,94,82,21,33,214,127
8655.jpg,180,143,82,0,13,180,156
8639.jpg,184,99,82,46,44,230,143
8695.jpg,233,110,82,7,19,240,129
8662.jpg,167,80,82,40,37,207,117
8670.jpg,178,88,82,2,13,180,101
14691.jpg,783,448,82,0,0,783,448
8642.jpg,159,78,82,43,45,202,123
8643.jpg,134,66,82,14,15,148,81
8684.jpg,250,118,82,0,100,250,218
8672.jpg,145,72,82,0,22,145,94
8666.jpg,220,78,82,12,45,232,123
8725.jpg,174,87,82,48,46,222,133
15906.jpg,333,310,82,267,40,600,350
8693.jpg,205,90,82,21,37,226,127
11570.jpg,419,360,82,19,0,438,360
8691.jpg,476,294,82,104,158,580,452
11072.jpg,477,252,82,3,63,480,315
8732.jpg,378,176,82,76,200,454,376
8735.jpg,640,218,82,0,66,640,284
11338.jpg,336,252,82,45,15,381,267
8647.jpg,172,83,82,33,31,205,114
8713.jpg,331,140,82,14,81,345,221
8736.jpg,627,250,82,13,46,640,296
8715.jpg,228,196,82,24,36,252,232
8671.jpg,193,99,82,0,36,193,135
9242.jpg,243,258,82,135,45,378,303
8697.jpg,173,87,82,34,30,207,117
11263.jpg,325,315,82,66,24,391,339
15303.jpg,362,255,82,238,48,600,303
8653.jpg,138,109,82,16,9,154,118
8820.jpg,240,280,83,0,40,240,320
15912.jpg,423,332,83,177,78,600,410
6838.jpg,315,390,83,13,10,328,400
13778.jpg,508,304,83,24,24,532,328
8753.jpg,340,255,83,0,0,340,255
8755.jpg,320,222,83,0,12,320,234
11700.jpg,751,600,83,0,0,751,600
8803.jpg,509,318,83,80,114,589,432
8796.jpg,300,225,83,0,0,300,225
9108.jpg,293,284,83,19,100,312,384
14749.jpg,685,338,83,43,43,728,381
8772.jpg,222,206,83,0,22,222,228
11656.jpg,447,357,83,3,3,450,360
8770.jpg,210,158,83,0,0,210,158
8749.jpg,592,600,83,0,0,592,600
8825.jpg,732,550,83,46,50,778,600
8809.jpg,240,250,83,0,111,240,361
8828.jpg,400,252,83,0,48,400,300
8786.jpg,160,120,83,0,0,160,120
10750.jpg,349,420,83,0,3,349,423
8815.jpg,500,375,83,0,0,500,375
8756.jpg,640,460,83,0,20,640,480
8795.jpg,400,300,83,0,0,400,300
15889.jpg,448,306,83,102,39,550,345
8831.jpg,400,300,83,0,0,400,300
8798.jpg,240,192,83,0,0,240,192
8804.jpg,640,480,83,0,0,640,480
8832.jpg,701,496,83,57,60,758,556
8806.jpg,242,235,83,7,32,249,267
8826.jpg,177,142,83,0,0,177,142
14747.jpg,765,416,83,10,85,775,501
15111.jpg,354,356,83,100,72,454,428
14803.jpg,534,560,83,56,126,590,686
8811.jpg,300,189,83,0,36,300,225
8748.jpg,705,564,83,71,23,776,587
8834.jpg,240,254,83,0,66,240,320
16713.jpg,507,435,83,82,17,589,452
13612.jpg,749,600,83,6,0,755,600
14985.jpg,478,412,83,82,24,560,436
8833.jpg,176,144,83,0,0,176,144
8794.jpg,200,165,83,0,0,200,165
8814.jpg,592,480,83,32,0,624,480
8764.jpg,369,277,83,11,16,380,293
8771.jpg,532,464,83,108,4,640,468
8742.jpg,524,328,83,52,117,576,445
8762.jpg,192,144,83,0,0,192,144
8837.jpg,228,160,83,42,72,270,232
8754.jpg,317,240,83,0,3,317,243
8836.jpg,320,240,83,0,0,320,240
8780.jpg,180,130,83,9,28,189,158
8818.jpg,310,220,83,10,20,320,240
15826.jpg,444,355,83,127,5,571,360
16678.jpg,517,467,83,60,5,577,472
8821.jpg,296,196,83,0,38,296,234
8765.jpg,320,240,83,0,0,320,240
8761.jpg,380,244,83,0,11,380,255
8817.jpg,640,480,83,0,0,640,480
15690.jpg,405,375,83,117,75,522,450
8747.jpg,320,206,83,0,4,320,210
8827.jpg,320,146,83,0,32,320,178
11187.jpg,317,328,83,64,15,381,343
11139.jpg,358,465,83,0,7,358,472
8767.jpg,192,144,83,0,0,192,144
8785.jpg,165,129,83,0,6,165,135
10855.jpg,480,480,83,0,0,480,480
8769.jpg,340,214,83,35,28,375,242
8776.jpg,160,120,83,0,0,160,120
8812.jpg,216,162,83,0,0,216,162
8766.jpg,192,144,83,0,0,192,144
10962.jpg,357,444,83,0,9,357,453
16687.jpg,340,293,83,298,100,638,393
8758.jpg,320,240,83,0,0,320,240
8781.jpg,159,102,83,7,6,166,108
11423.jpg,447,269,83,10,7,457,276
8823.jpg,224,158,83,0,6,224,164
8830.jpg,216,162,83,0,0,216,162
8808.jpg,248,210,83,0,0,248,210
8778.jpg,170,127,83,0,0,170,127
8787.jpg,200,121,83,0,18,200,139
9066.jpg,480,543,83,0,97,480,640
8816.jpg,368,330,83,0,37,368,367
13768.jpg,564,320,83,60,152,624,472
10635.jpg,359,301,83,1,90,360,391
8740.jpg,206,113,83,5,43,211,156
8813.jpg,286,258,83,11,3,297,261
8743.jpg,296,188,83,14,46,310,234
8782.jpg,319,254,83,21,46,340,300
8752.jpg,255,188,83,19,4,274,192
11148.jpg,360,428,83,0,52,360,480
8760.jpg,192,144,83,0,0,192,144
8790.jpg,273,254,83,76,3,349,257
8763.jpg,480,360,83,0,0,480,360
10833.jpg,468,341,83,0,7,468,348
11696.jpg,437,401,83,302,76,739,477
15723.jpg,506,438,83,52,12,558,450
8774.jpg,196,117,83,0,22,196,139
8759.jpg,192,144,83,0,0,192,144
11654.jpg,434,345,83,19,15,453,360
8768.jpg,200,150,83,0,0,200,150
8745.jpg,200,150,83,0,0,200,150
8779.jpg,640,384,83,0,70,640,454
8800.jpg,379,277,83,10,13,389,290
8739.jpg,139,100,83,17,55,156,155
8789.jpg,640,480,83,0,0,640,480
8810.jpg,360,228,83,0,22,360,250
8746.jpg,320,240,83,0,0,320,240
14796.jpg,672,600,83,28,0,700,600
8773.jpg,598,332,83,0,133,598,465
14900.jpg,440,204,83,68,19,508,223
8822.jpg,640,446,83,0,34,640,480
8819.jpg,294,240,83,26,0,320,240
14825.jpg,733,596,83,15,0,748,596
15939.jpg,470,640,83,10,0,480,640
8908.jpg,342,329,84,4,74,346,403
8841.jpg,463,294,84,105,70,568,364
15426.jpg,405,205,84,115,124,520,329
8867.jpg,226,174,84,10,12,236,186
8843.jpg,500,340,84,0,26,500,366
9219.jpg,592,425,84,83,58,675,483
8901.jpg,282,218,84,20,8,302,226
8868.jpg,298,164,84,22,58,320,222
8936.jpg,240,264,84,0,56,240,320
8861.jpg,350,250,84,0,0,350,250
8922.jpg,800,600,84,0,0,800,600
15.jpg,220,149,84,578,221,798,370
10658.jpg,358,370,84,0,30,358,400
8886.jpg,168,136,84,11,2,179,138
8844.jpg,255,128,84,0,29,255,157
8898.jpg,168,168,84,12,72,180,240
8902.jpg,500,366,84,0,0,500,366
8877.jpg,192,144,84,0,0,192,144
2674.jpg,535,316,84,45,8,580,324
8896.jpg,320,240,84,0,0,320,240
11142.jpg,363,302,84,66,10,429,312
8907.jpg,345,254,84,36,0,381,254
2608.jpg,424,187,84,0,58,424,245
8924.jpg,400,244,84,0,30,400,274
2688.jpg,673,474,84,55,55,728,529
8847.jpg,250,244,84,0,6,250,250
8846.jpg,192,153,84,0,0,192,153
8933.jpg,295,230,84,0,0,295,230
8882.jpg,170,186,84,150,54,320,240
8879.jpg,450,337,84,0,0,450,337
15451.jpg,425,344,84,111,46,536,390
2639.jpg,426,322,84,31,28,457,350
13698.jpg,190,208,84,292,152,482,360
8857.jpg,192,144,84,0,0,192,144
8874.jpg,352,264,84,0,0,352,264
8878.jpg,445,310,84,2,14,447,324
9128.jpg,293,319,84,25,75,318,394
8883.jpg,208,148,84,112,92,320,240
8850.jpg,181,181,84,171,9,352,190
8849.jpg,352,264,84,0,0,352,264
8860.jpg,192,144,84,0,0,192,144
8891.jpg,318,238,84,182,137,500,375
8881.jpg,160,204,84,160,36,320,240
8903.jpg,156,111,84,66,39,222,150
8839.jpg,196,111,84,13,39,209,150
8919.jpg,320,240,84,0,0,320,240
11428.jpg,435,209,84,15,49,450,258
8918.jpg,640,480,84,0,0,640,480
8880.jpg,145,91,84,15,29,160,120
8873.jpg,352,264,84,0,0,352,264
8911.jpg,258,202,84,62,38,320,240
15718.jpg,256,258,84,12,25,268,283
2607.jpg,217,187,84,52,20,269,207
8853.jpg,172,190,84,0,0,172,190
8871.jpg,352,264,84,0,0,352,264
14774.jpg,795,492,84,1,21,796,513
8852.jpg,436,263,84,14,74,450,337
8851.jpg,280,289,84,0,58,280,347
8893.jpg,212,195,84,13,70,225,265
8930.jpg,141,123,84,6,6,147,129
13894.jpg,402,269,84,236,28,638,297
8856.jpg,192,144,84,0,0,192,144
8904.jpg,200,150,84,0,0,200,150
8910.jpg,448,287,84,0,49,448,336
8927.jpg,240,296,84,0,10,240,306
8887.jpg,133,100,84,0,0,133,100
8845.jpg,172,128,84,0,0,172,128
8912.jpg,240,180,84,0,0,240,180
8923.jpg,360,270,84,0,0,360,270
2680.jpg,400,234,84,90,100,490,334
8863.jpg,640,309,84,0,120,640,429
8931.jpg,156,107,84,0,44,156,151
8859.jpg,192,144,84,0,0,192,144
8885.jpg,250,173,84,0,0,250,173
8925.jpg,500,355,84,0,20,500,375
8875.jpg,170,83,84,0,16,170,99
8876.jpg,500,330,84,0,0,500,330
8916.jpg,320,240,84,0,0,320,240
8929.jpg,320,196,84,0,26,320,222
8932.jpg,224,208,84,0,32,224,240
8892.jpg,236,178,84,4,26,240,204
8838.jpg,277,204,84,42,25,319,229
11446.jpg,389,269,84,16,1,405,270
11437.jpg,478,267,84,0,1,478,268
8914.jpg,320,240,84,0,0,320,240
8854.jpg,192,144,84,0,0,192,144
8899.jpg,172,155,84,0,0,172,155
9085.jpg,480,358,84,0,0,480,358
8848.jpg,158,127,84,46,33,204,160
8935.jpg,320,240,84,0,0,320,240
8920.jpg,320,240,84,0,0,320,240
15539.jpg,381,334,84,207,111,588,445
8888.jpg,320,240,84,0,0,320,240
13788.jpg,402,200,84,52,208,454,408
8864.jpg,505,279,84,0,77,505,356
8872.jpg,384,288,84,0,0,384,288
8840.jpg,303,174,84,19,54,322,228
8894.jpg,800,600,84,0,0,800,600
8869.jpg,280,194,84,0,16,280,210
9033.jpg,180,300,85,62,0,242,300
10910.jpg,321,244,85,36,165,357,409
11174.jpg,448,292,85,18,27,466,319
8971.jpg,77,104,85,37,1,114,105
8966.jpg,128,59,85,13,39,141,98
8958.jpg,640,480,85,0,0,640,480
9036.jpg,153,133,85,0,0,153,133
8997.jpg,226,279,85,53,10,279,289
9032.jpg,174,198,85,6,24,180,222
8961.jpg,142,145,85,0,0,142,145
8984.jpg,264,138,85,0,72,264,210
8990.jpg,552,480,85,88,0,640,480
9023.jpg,264,140,85,88,53,352,193
8938.jpg,185,107,85,0,41,185,148
8970.jpg,125,127,85,63,14,188,141
10845.jpg,480,215,85,0,100,480,315
8955.jpg,312,170,85,0,34,312,204
8962.jpg,219,153,85,0,0,219,153
9024.jpg,130,159,85,84,0,214,159
8982.jpg,180,216,85,0,0,180,216
8959.jpg,525,356,85,34,31,559,387
9012.jpg,77,108,85,48,2,125,110
9035.jpg,292,270,85,74,19,366,289
9014.jpg,441,331,85,0,0,441,331
9030.jpg,174,323,85,357,35,531,358
8995.jpg,441,337,85,26,38,467,375
8987.jpg,213,210,85,32,0,245,210
9002.jpg,403,247,85,35,86,438,333
8945.jpg,180,73,85,0,52,180,125
8993.jpg,102,131,85,101,35,203,166
9009.jpg,200,288,85,0,0,200,288
8950.jpg,490,349,85,0,0,490,349
8969.jpg,127,150,85,133,19,260,169
8946.jpg,365,300,85,120,0,485,300
9034.jpg,355,243,85,45,57,400,300
9022.jpg,225,195,85,0,42,225,237
8967.jpg,201,250,85,8,0,209,250
16008.jpg,158,179,85,430,98,588,277
9006.jpg,302,232,85,0,8,302,240
8996.jpg,364,267,85,0,22,364,289
9017.jpg,280,320,85,99,0,379,320
9026.jpg,122,238,85,0,60,122,298
9037.jpg,365,255,85,0,16,365,271
8974.jpg,248,230,85,56,10,304,240
8983.jpg,128,188,85,35,0,163,188
13948.jpg,46,98,85,26,72,72,170
8949.jpg,381,385,85,0,90,381,475
9345.jpg,367,169,85,45,87,412,256
8948.jpg,250,179,85,0,0,250,179
8960.jpg,153,208,85,47,17,200,225
8954.jpg,401,457,85,0,0,401,457
8944.jpg,227,186,85,51,73,278,259
14235.jpg,36,64,85,126,0,162,64
8979.jpg,306,170,85,14,70,320,240
8986.jpg,160,120,85,0,0,160,120
9003.jpg,350,243,85,50,27,400,270
8941.jpg,115,124,85,22,11,137,135
15134.jpg,208,222,85,275,48,483,270
9008.jpg,387,278,85,74,64,461,342
8977.jpg,192,87,85,4,36,196,123
10890.jpg,467,227,85,4,82,471,309
8985.jpg,195,221,85,52,4,247,225
9020.jpg,227,219,85,33,14,260,233
8951.jpg,539,349,85,0,0,539,349
8998.jpg,126,150,85,8,0,134,150
9145.jpg,185,140,85,43,100,228,240
8963.jpg,115,120,85,0,0,115,120
8964.jpg,179,114,85,21,31,200,145
8981.jpg,172,271,85,104,7,276,278
9013.jpg,431,321,85,0,0,431,321
8978.jpg,775,408,85,25,144,800,552
8988.jpg,288,216,85,0,0,288,216
8956.jpg,640,480,85,0,0,640,480
8953.jpg,346,127,85,0,105,346,232
8940.jpg,212,169,85,0,14,212,183
10622.jpg,444,255,85,18,45,462,300
8991.jpg,328,272,85,30,28,358,300
8989.jpg,232,240,85,16,0,248,240
9001.jpg,288,154,85,32,58,320,212
14240.jpg,29,69,85,175,33,204,102
16164.jpg,164,117,85,158,193,322,310
9011.jpg,178,292,85,0,0,178,292
8992.jpg,160,120,85,0,0,160,120
10996.jpg,374,213,85,25,63,399,276
8943.jpg,108,133,85,56,0,164,133
9004.jpg,643,300,85,21,29,664,329
9021.jpg,314,448,85,0,0,314,448
8957.jpg,524,520,85,0,0,524,520
8942.jpg,296,209,85,54,44,350,253
8973.jpg,350,338,85,75,0,425,338
9018.jpg,194,176,85,46,30,240,206
11724.jpg,232,218,86,8,22,240,240
11816.jpg,632,414,86,8,8,640,422
11789.jpg,584,471,86,40,9,624,480
11740.jpg,400,262,86,0,3,400,265
11782.jpg,270,221,86,10,0,280,221
15530.jpg,87,80,86,245,241,332,321
11762.jpg,370,240,86,0,0,370,240
11773.jpg,450,338,86,0,0,450,338
11707.jpg,250,181,86,0,0,250,181
11750.jpg,225,192,86,0,3,225,195
11710.jpg,304,240,86,2,0,306,240
11812.jpg,331,568,86,0,1,331,569
11736.jpg,225,195,86,0,0,225,195
11725.jpg,262,224,86,0,15,262,239
11715.jpg,246,187,86,4,0,250,187
11738.jpg,225,195,86,0,0,225,195
11787.jpg,247,197,86,296,23,543,220
11751.jpg,240,176,86,0,4,240,180
11732.jpg,121,110,86,135,55,256,165
11784.jpg,552,410,86,84,70,636,480
13996.jpg,110,110,86,191,82,301,192
11723.jpg,320,239,86,0,1,320,240
11727.jpg,314,236,86,0,0,314,236
11734.jpg,414,270,86,86,105,500,375
11734.jpg,240,129,86,33,1,273,130
11741.jpg,280,193,86,14,149,294,342
11709.jpg,249,199,86,12,18,261,217
11763.jpg,269,190,86,12,12,281,202
11744.jpg,261,263,86,62,3,323,266
11827.jpg,214,159,86,252,24,466,183
11704.jpg,308,224,86,0,2,308,226
11793.jpg,400,265,86,0,1,400,266
11780.jpg,178,130,86,48,0,226,130
11778.jpg,240,240,86,0,0,240,240
11764.jpg,396,327,86,19,2,415,329
11722.jpg,330,288,86,58,0,388,288
11810.jpg,398,300,86,0,0,398,300
11776.jpg,450,307,86,0,68,450,375
11781.jpg,432,451,86,0,24,432,475
11733.jpg,210,157,86,0,0,210,157
11720.jpg,282,225,86,2,4,284,229
11730.jpg,188,235,86,0,21,188,256
11796.jpg,512,384,86,0,0,512,384
11801.jpg,313,226,86,7,14,320,240
11714.jpg,785,475,86,0,61,785,536
11823.jpg,324,293,86,157,83,481,376
11767.jpg,280,253,86,11,23,291,276
11797.jpg,500,360,86,0,127,500,487
11779.jpg,200,200,86,36,11,236,211
11712.jpg,302,187,86,0,11,302,198
11705.jpg,189,152,86,15,40,204,192
11718.jpg,383,300,86,17,0,400,300
11770.jpg,416,375,86,40,0,456,375
11783.jpg,560,460,86,58,20,618,480
11726.jpg,203,160,86,3,2,206,162
11746.jpg,314,198,86,6,42,320,240
11765.jpg,344,197,86,2,54,346,251
15923.jpg,113,111,86,213,232,326,343
11713.jpg,320,236,86,0,4,320,240
11739.jpg,225,195,86,0,0,225,195
11743.jpg,225,195,86,0,0,225,195
11758.jpg,143,125,86,4,9,147,134
11737.jpg,88,79,86,32,75,120,154
11717.jpg,240,314,86,0,6,240,320
11808.jpg,283,230,86,19,4,302,234
11706.jpg,448,288,86,0,0,448,288
11748.jpg,171,127,86,13,34,184,161
11721.jpg,395,411,86,241,67,636,478
11792.jpg,512,374,86,0,10,512,384
11755.jpg,500,259,86,0,73,500,332
11761.jpg,295,294,86,30,56,325,350
11769.jpg,333,335,86,0,52,333,387
11794.jpg,508,383,86,0,1,508,384
14596.jpg,80,89,86,149,99,229,188
11719.jpg,187,222,86,263,116,450,338
11728.jpg,360,270,86,0,0,360,270
11777.jpg,307,287,86,56,0,363,287
11759.jpg,225,179,86,0,16,225,195
11756.jpg,250,194,86,0,0,250,194
11785.jpg,502,430,86,2,44,504,474
11829.jpg,325,238,86,4,7,329,245
11791.jpg,341,250,86,0,38,341,288
12018.jpg,480,598,86,0,42,480,640
15922.jpg,85,76,86,256,41,341,117
11747.jpg,220,186,86,2,3,222,189
11813.jpg,450,338,86,0,0,450,338
11760.jpg,213,223,86,103,17,316,240
7293.jpg,174,116,86,372,18,546,134
11771.jpg,500,367,86,0,8,500,375
11731.jpg,263,196,86,1,12,264,208
15354.jpg,125,144,86,140,480,265,624
11735.jpg,250,249,86,0,1,250,250
11775.jpg,260,191,86,0,0,260,191
11802.jpg,289,187,86,0,13,289,200
15812.jpg,143,91,86,347,300,490,391
11835.jpg,295,213,86,45,42,340,255
11708.jpg,430,322,86,0,0,430,322
11798.jpg,512,384,86,0,0,512,384
11800.jpg,240,288,86,0,32,240,320
11772.jpg,270,225,86,36,135,306,360
11836.jpg,455,274,86,45,56,500,330
11821.jpg,455,274,86,45,56,500,330
10668.jpg,139,132,86,112,39,251,171
16670.jpg,153,179,87,203,151,356,330
11877.jpg,690,580,87,65,16,755,596
14546.jpg,274,243,87,401,135,675,378
11886.jpg,295,222,87,10,8,305,230
11317.jpg,102,118,87,178,60,280,178
13739.jpg,166,150,87,454,4,620,154
15875.jpg,122,159,87,218,175,340,334
15907.jpg,221,173,87,130,0,351,173
11944.jpg,347,255,87,0,2,347,257
13722.jpg,232,231,87,404,148,636,379
11892.jpg,390,303,87,13,0,403,303
16097.jpg,175,146,87,231,12,406,158
11937.jpg,358,465,87,0,0,358,465
11922.jpg,320,280,87,0,0,320,280
15083.jpg,186,120,87,205,20,391,140
15469.jpg,217,170,87,253,68,470,238
14554.jpg,290,255,87,398,3,688,258
14220.jpg,105,96,87,199,49,304,145
11941.jpg,800,600,87,0,0,800,600
14378.jpg,219,118,87,416,88,635,206
14540.jpg,297,255,87,273,168,570,423
11913.jpg,396,300,87,4,0,400,300
5180.jpg,97,107,87,353,19,450,126
14917.jpg,252,276,87,0,28,252,304
14355.jpg,365,365,87,0,228,365,593
15389.jpg,219,201,87,366,118,585,319
14352.jpg,271,160,87,170,73,441,233
14352.jpg,208,66,87,278,0,486,66
14013.jpg,335,313,87,441,245,776,558
15530.jpg,135,162,87,178,101,313,263
11873.jpg,300,198,87,0,1,300,199
14062.jpg,237,178,87,248,30,485,208
11927.jpg,329,452,87,3,25,332,477
14605.jpg,242,214,87,306,21,548,235
11889.jpg,463,288,87,18,8,481,296
16590.jpg,235,209,87,363,228,598,437
11926.jpg,362,291,87,0,4,362,295
11899.jpg,434,342,87,132,0,566,342
6934.jpg,172,190,87,305,89,477,279
15366.jpg,302,223,87,261,73,563,296
13724.jpg,252,183,87,208,157,460,340
5135.jpg,138,125,87,0,339,138,464
13963.jpg,126,125,87,192,0,318,125
14603.jpg,267,285,87,491,280,758,565
15148.jpg,190,165,87,362,39,552,204
13769.jpg,154,92,87,82,52,236,144
6904.jpg,236,140,87,129,0,365,140
11934.jpg,277,292,87,116,4,393,296
11934.jpg,198,153,87,0,147,198,300
11917.jpg,278,356,87,2,0,280,356
15123.jpg,224,151,87,171,0,395,151
15556.jpg,156,212,87,47,122,203,334
15969.jpg,210,143,87,182,241,392,384
16705.jpg,325,308,87,309,126,634,434
14309.jpg,248,356,87,43,29,291,385
11896.jpg,606,454,87,26,16,632,470
11895.jpg,463,309,87,8,3,471,312
11918.jpg,391,278,87,5,15,396,293
12875.jpg,328,206,87,172,126,500,332
15041.jpg,157,155,87,282,111,439,266
11910.jpg,481,352,87,13,18,494,370
14824.jpg,450,525,87,0,88,450,613
11882.jpg,450,288,87,0,12,450,300
14990.jpg,169,172,87,129,64,298,236
14388.jpg,252,114,87,140,12,392,126
15604.jpg,131,136,87,229,328,360,464
14042.jpg,293,287,87,493,83,786,370
11891.jpg,314,212,87,5,8,319,220
14495.jpg,117,185,87,0,264,117,449
14495.jpg,162,98,87,64,68,226,166
13790.jpg,237,117,87,108,63,345,180
11936.jpg,640,478,87,0,2,640,480
16599.jpg,248,187,87,182,26,430,213
15293.jpg,198,132,87,246,48,444,180
11945.jpg,251,201,87,54,28,305,229
15311.jpg,157,90,87,365,110,522,200
12882.jpg,182,180,87,1,95,183,275
13698.jpg,132,121,87,256,12,388,133
11575.jpg,113,141,87,280,72,393,213
15130.jpg,336,239,87,192,0,528,239
7280.jpg,139,106,87,100,88,239,194
11925.jpg,320,384,87,0,51,320,435
11337.jpg,165,132,87,39,60,204,192
11337.jpg,99,134,87,159,139,258,273
14890.jpg,304,185,87,81,340,385,525
14018.jpg,345,310,87,40,108,385,418
14054.jpg,315,274,87,451,136,766,410
11573.jpg,157,116,87,210,163,367,279
11916.jpg,354,256,87,0,9,354,265
14372.jpg,300,317,87,10,131,310,448
11906.jpg,445,274,87,1,13,446,287
14087.jpg,227,202,87,56,223,283,425
14070.jpg,275,260,87,456,328,731,588
13319.jpg,248,135,87,12,71,260,206
14234.jpg,88,60,87,114,98,202,158
12385.jpg,201,138,87,141,22,342,160
13755.jpg,206,144,87,400,0,606,144
16253.jpg,247,181,87,176,60,423,241
13720.jpg,146,120,87,192,27,338,147
11920.jpg,388,264,87,0,7,388,271
12196.jpg,221,157,87,129,9,350,166
15176.jpg,92,143,87,466,177,558,320
16712.jpg,275,249,87,21,130,296,379
11915.jpg,423,307,87,51,0,474,307
13829.jpg,98,139,87,5,49,103,188
11883.jpg,354,281,87,28,4,382,285
11923.jpg,305,184,87,24,34,329,218
13962.jpg,59,96,87,150,68,209,164
14350.jpg,270,201,87,0,155,270,356
16614.jpg,215,165,87,133,22,348,187
13860.jpg,94,104,87,2,12,96,116
16008.jpg,135,105,87,323,110,458,215
13734.jpg,128,104,87,228,4,356,108
15712.jpg,216,197,87,185,16,401,213
14289.jpg,318,220,87,388,126,706,346
16619.jpg,161,192,87,260,437,421,629
15188.jpg,296,152,87,163,15,459,167
11914.jpg,437,306,87,43,16,480,322
15692.jpg,108,104,87,362,136,470,240
15908.jpg,73,105,87,291,401,364,506
11907.jpg,775,553,87,6,35,781,588
11695.jpg,216,223,87,559,371,775,594
14023.jpg,200,178,87,206,15,406,193
15149.jpg,184,174,87,10,120,194,294
11928.jpg,400,284,87,0,0,400,284
15986.jpg,480,640,87,0,0,480,640
11459.jpg,291,237,87,189,123,480,360
13792.jpg,152,106,87,176,112,328,218
13673.jpg,198,208,87,102,156,300,364
16028.jpg,439,341,87,91,0,530,341
16675.jpg,219,99,87,162,38,381,137
13716.jpg,180,149,87,48,147,228,296
14907.jpg,272,234,87,0,154,272,388
14052.jpg,209,183,87,576,148,785,331
14015.jpg,248,247,87,263,258,511,505
11904.jpg,434,332,87,6,0,440,332
11888.jpg,344,283,87,15,8,359,291
15601.jpg,65,89,87,131,49,196,138
16283.jpg,245,203,87,282,2,527,205
13786.jpg,91,69,87,218,18,309,87
14033.jpg,247,168,87,291,153,538,321
13753.jpg,120,80,87,520,34,640,114
13753.jpg,108,99,87,0,14,108,113
13753.jpg,88,143,87,4,177,92,320
11184.jpg,137,125,87,114,101,251,226
16689.jpg,274,201,87,194,65,468,266
14051.jpg,255,123,87,193,0,448,123
11938.jpg,336,374,87,0,74,336,448
11931.jpg,399,337,87,9,0,408,337
16279.jpg,166,181,87,396,237,562,418
14850.jpg,274,292,87,0,80,274,372
11568.jpg,95,138,87,232,70,327,208
14541.jpg,290,286,87,1,185,291,471
11912.jpg,343,246,87,14,20,357,266
13776.jpg,104,152,87,398,170,502,322
11869.jpg,204,163,87,12,13,216,176
14103.jpg,302,292,87,336,140,638,432
11131.jpg,154,85,87,180,0,334,85
14349.jpg,310,169,87,290,257,600,426
97.jpg,277,274,87,473,286,750,560
14012.jpg,235,208,87,156,168,391,376
11167.jpg,135,151,87,0,141,135,292
11911.jpg,579,416,87,13,2,592,418
16687.jpg,271,243,87,18,152,289,395
14003.jpg,203,189,87,148,52,351,241
14685.jpg,255,170,87,248,0,503,170
11887.jpg,230,156,87,4,15,234,171
16690.jpg,245,181,87,360,53,605,234
11890.jpg,401,279,87,30,24,431,303
13182.jpg,115,107,87,0,5,115,112
14334.jpg,261,256,87,0,28,261,284
11485.jpg,480,339,87,0,9,480,348
11897.jpg,431,372,87,0,0,431,372
14915.jpg,188,180,87,112,68,300,248
13884.jpg,540,420,87,128,63,668,483
11858.jpg,799,595,87,1,13,800,608
15610.jpg,233,194,87,23,113,256,307
11919.jpg,420,296,87,10,0,430,296
12421.jpg,213,173,87,93,0,306,173
14308.jpg,210,79,87,163,46,373,125
13710.jpg,216,152,87,424,100,640,252
4988.jpg,232,198,87,408,74,640,272
37.jpg,208,83,87,16,82,224,165
12893.jpg,184,108,87,8,176,192,284
10638.jpg,297,325,87,183,0,480,325
11930.jpg,524,386,87,43,37,567,423
15440.jpg,188,133,87,310,63,498,196
13768.jpg,196,124,87,364,0,560,124
14992.jpg,292,220,87,366,285,658,505
13709.jpg,190,86,87,78,16,268,102
11893.jpg,275,214,87,0,0,275,214
14263.jpg,75,53,87,126,35,201,88
16697.jpg,250,251,87,390,102,640,353
28.jpg,128,62,87,260,69,388,131
15573.jpg,147,158,87,26,220,173,378
16062.jpg,124,116,87,416,125,540,241
11902.jpg,442,330,87,2,0,444,330
13749.jpg,136,157,87,0,136,136,293
15838.jpg,224,189,87,7,261,231,450
11885.jpg,620,526,87,39,13,659,539
14879.jpg,276,310,87,0,66,276,376
15937.jpg,194,155,87,83,25,277,180
14702.jpg,180,202,87,0,74,180,276
14819.jpg,450,578,87,0,157,450,735
15868.jpg,312,320,87,64,176,376,496
13995.jpg,174,176,87,412,24,586,200
10743.jpg,198,223,87,104,66,302,289
14987.jpg,126,170,87,226,194,352,364
14093.jpg,236,170,87,275,235,511,405
25.jpg,248,232,87,0,248,248,480
11867.jpg,384,358,87,0,17,384,375
11905.jpg,238,176,87,2,1,240,177
11696.jpg,269,205,87,0,86,269,291
15551.jpg,428,400,87,100,42,528,442
15358.jpg,116,171,87,390,149,506,320
14071.jpg,221,232,87,285,293,506,525
11921.jpg,523,385,87,0,8,523,393
5115.jpg,186,130,87,212,92,398,222
11850.jpg,327,267,87,46,32,373,299
16706.jpg,228,158,87,86,50,314,208
11791.jpg,334,184,87,50,0,384,184
11946.jpg,276,252,87,0,117,276,369
11946.jpg,217,139,87,61,1,278,140
15302.jpg,138,154,87,0,0,138,154
15471.jpg,218,216,87,18,216,236,432
15973.jpg,185,121,87,113,19,298,140
15402.jpg,204,140,87,187,49,391,189
11943.jpg,367,275,87,0,0,367,275
11898.jpg,288,267,87,0,33,288,300
11863.jpg,275,249,87,443,206,718,455
14858.jpg,202,204,87,248,142,450,346
15747.jpg,212,209,87,68,212,280,421
13564.jpg,250,231,87,41,251,291,482
13780.jpg,200,157,87,368,140,568,297
14505.jpg,260,234,87,148,18,408,252
11949.jpg,777,563,87,6,18,783,581
14348.jpg,209,174,87,126,136,335,310
14787.jpg,180,174,87,116,50,296,224
15946.jpg,210,160,87,336,6,546,166
15019.jpg,188,139,87,0,119,188,258
13711.jpg,224,182,87,396,194,620,376
16057.jpg,204,171,87,12,150,216,321
14706.jpg,164,186,87,12,62,176,248
11939.jpg,390,296,87,4,2,394,298
14017.jpg,273,203,87,128,38,401,241
11924.jpg,347,443,87,0,55,347,498
14920.jpg,199,131,87,36,391,235,522
15168.jpg,142,131,87,0,227,142,358
15812.jpg,179,193,87,373,163,552,356
16641.jpg,216,155,87,87,73,303,228
15539.jpg,237,245,87,0,38,237,283
11929.jpg,397,276,87,3,20,400,296
14547.jpg,253,175,87,133,60,386,235
11689.jpg,312,193,87,401,83,713,276
13878.jpg,142,160,87,22,80,164,240
13788.jpg,182,114,87,118,86,300,200
13690.jpg,212,237,87,308,241,520,478
4962.jpg,224,295,87,276,45,500,340
11909.jpg,587,330,87,6,90,593,420
11933.jpg,344,234,87,2,0,346,234
16034.jpg,218,168,87,377,42,595,210
14716.jpg,268,173,87,17,3,285,176
14900.jpg,188,180,87,452,163,640,343
11694.jpg,312,180,87,431,108,743,288
16170.jpg,268,257,87,366,173,634,430
15989.jpg,254,211,87,1,111,255,322
11947.jpg,390,426,87,0,0,390,426
15894.jpg,165,136,87,427,5,592,141
14621.jpg,114,190,87,268,60,382,250
14010.jpg,370,399,87,6,71,376,470
16686.jpg,254,111,87,206,82,460,193
15246.jpg,136,145,87,377,135,513,280
13756.jpg,184,93,87,190,0,374,93
11864.jpg,512,384,87,0,0,512,384
14922.jpg,195,193,87,77,120,272,313
15173.jpg,330,216,87,184,0,514,216
10668.jpg,202,157,87,225,8,427,165
11352.jpg,117,138,87,183,78,300,216
15373.jpg,196,81,87,176,27,372,108
15428.jpg,116,108,87,360,201,476,309
11955.jpg,350,237,88,0,13,350,250
12009.jpg,353,289,88,0,0,353,289
12017.jpg,640,426,88,0,0,640,426
12014.jpg,467,360,88,1,0,468,360
12027.jpg,524,391,88,0,0,524,391
11988.jpg,480,570,88,0,0,480,570
12052.jpg,275,249,88,0,111,275,360
11967.jpg,239,320,88,208,11,447,331
11962.jpg,136,102,88,158,98,294,200
11957.jpg,276,291,88,0,13,276,304
12016.jpg,640,421,88,0,5,640,426
12050.jpg,319,203,88,37,43,356,246
11984.jpg,296,259,88,0,192,296,451
12033.jpg,500,323,88,0,23,500,346
16055.jpg,534,448,88,16,2,550,450
11951.jpg,360,266,88,0,0,360,266
11956.jpg,62,116,88,304,186,366,302
12022.jpg,640,414,88,0,66,640,480
12036.jpg,332,295,88,0,196,332,491
12015.jpg,345,309,88,56,0,401,309
12031.jpg,736,502,88,0,29,736,531
11961.jpg,196,225,88,204,3,400,228
12001.jpg,400,300,88,0,0,400,300
11963.jpg,360,270,88,0,0,360,270
12019.jpg,269,307,88,5,18,274,325
11983.jpg,378,267,88,22,0,400,267
11952.jpg,476,530,88,0,52,476,582
12048.jpg,354,329,88,1,21,355,350
12025.jpg,418,263,88,14,10,432,273
11976.jpg,640,480,88,0,0,640,480
11986.jpg,363,192,88,32,62,395,254
11960.jpg,340,205,88,8,30,348,235
11995.jpg,508,384,88,0,0,508,384
12010.jpg,538,444,88,46,20,584,464
11975.jpg,205,192,88,195,118,400,310
11999.jpg,280,343,88,0,30,280,373
11954.jpg,246,251,88,266,16,512,267
12024.jpg,357,216,88,0,84,357,300
12039.jpg,636,456,88,0,8,636,464
12034.jpg,399,300,88,0,0,399,300
11953.jpg,800,640,88,0,0,800,640
12041.jpg,400,300,88,0,0,400,300
11981.jpg,251,199,88,25,0,276,199
11998.jpg,508,384,88,0,0,508,384
12058.jpg,598,440,88,28,32,626,472
11959.jpg,291,292,88,0,7,291,299
12057.jpg,392,299,88,25,21,417,320
11997.jpg,199,111,88,222,56,421,167
12044.jpg,303,204,88,14,7,317,211
11977.jpg,314,235,88,4,3,318,238
11966.jpg,640,476,88,0,4,640,480
12012.jpg,300,396,88,0,0,300,396
86.jpg,195,164,88,434,100,629,264
12038.jpg,475,360,88,0,0,475,360
12051.jpg,386,285,88,5,0,391,285
12042.jpg,467,333,88,4,24,471,357
12021.jpg,400,300,88,0,0,400,300
12059.jpg,453,346,88,0,0,453,346
12032.jpg,336,337,88,0,93,336,430
11993.jpg,166,226,88,306,135,472,361
11972.jpg,524,393,88,0,0,524,393
11982.jpg,211,212,88,71,27,282,239
12060.jpg,282,232,88,306,16,588,248
12006.jpg,800,636,88,0,0,800,636
11971.jpg,578,433,88,2,0,580,433
12020.jpg,300,225,88,0,0,300,225
11980.jpg,225,193,88,0,0,225,193
12011.jpg,312,305,88,0,50,312,355
12028.jpg,444,436,88,102,20,546,456
11970.jpg,412,353,88,17,18,429,371
11969.jpg,640,480,88,0,0,640,480
11989.jpg,168,158,88,0,10,168,168
11979.jpg,259,190,88,0,0,259,190
12047.jpg,495,354,88,0,18,495,372
12005.jpg,403,346,88,19,20,422,366
12172.jpg,333,216,88,0,0,333,216
12056.jpg,451,338,88,0,0,451,338
12043.jpg,274,304,88,0,0,274,304
11974.jpg,465,295,88,77,77,542,372
11985.jpg,300,394,88,0,6,300,400
12002.jpg,302,229,88,0,0,302,229
11987.jpg,173,108,88,15,17,188,125
12007.jpg,280,373,88,0,0,280,373
11968.jpg,450,334,88,0,0,450,334
11958.jpg,422,357,88,46,4,468,361
12013.jpg,500,310,88,0,44,500,354
11990.jpg,238,119,88,15,56,253,175
12065.jpg,167,137,89,198,131,365,268
12122.jpg,379,347,89,37,15,416,362
12133.jpg,600,450,89,0,0,600,450
12152.jpg,467,338,89,0,0,467,338
14013.jpg,273,183,89,125,38,398,221
12067.jpg,750,574,89,0,0,750,574
12124.jpg,568,414,89,32,36,600,450
12126.jpg,420,308,89,7,7,427,315
12084.jpg,320,329,89,480,201,800,530
12098.jpg,626,442,89,75,0,701,442
12099.jpg,567,391,89,33,23,600,414
12151.jpg,300,407,89,0,0,300,407
12073.jpg,750,560,89,26,0,776,560
12150.jpg,396,405,89,2,183,398,588
12146.jpg,280,373,89,0,0,280,373
12120.jpg,330,277,89,0,13,330,290
12081.jpg,301,304,89,490,221,791,525
12093.jpg,259,185,89,59,18,318,203
12062.jpg,245,273,89,545,320,790,593
12125.jpg,372,267,89,17,18,389,285
12135.jpg,219,217,89,226,109,445,326
12075.jpg,275,184,89,34,7,309,191
12064.jpg,723,600,89,3,0,726,600
12076.jpg,184,128,89,14,0,198,128
16035.jpg,291,207,89,37,0,328,207
12071.jpg,320,223,89,0,0,320,223
12127.jpg,318,216,89,117,136,435,352
12147.jpg,183,191,89,250,123,433,314
12097.jpg,508,472,89,50,8,558,480
12066.jpg,398,269,89,2,16,400,285
12115.jpg,262,300,89,0,0,262,300
12121.jpg,480,558,89,0,76,480,634
12141.jpg,199,181,89,249,152,448,333
12085.jpg,242,170,89,36,21,278,191
12117.jpg,400,300,89,0,0,400,300
12116.jpg,120,94,89,1,74,121,168
12082.jpg,313,304,89,443,241,756,545
12091.jpg,214,191,89,0,108,214,299
12090.jpg,500,333,89,0,0,500,333
12104.jpg,271,219,89,11,3,282,222
12111.jpg,752,575,89,48,25,800,600
12092.jpg,365,285,89,0,0,365,285
16266.jpg,186,152,89,10,43,196,195
12080.jpg,264,136,89,13,21,277,157
12140.jpg,262,218,89,24,5,286,223
12061.jpg,185,184,89,215,56,400,240
12131.jpg,180,216,89,0,4,180,220
12070.jpg,259,196,89,15,4,274,200
14052.jpg,201,170,89,15,160,216,330
12107.jpg,396,286,89,1,10,397,296
12095.jpg,132,144,89,223,180,355,324
12087.jpg,297,184,89,3,10,300,194
12109.jpg,346,290,89,10,10,356,300
12136.jpg,456,351,89,7,0,463,351
12149.jpg,330,264,89,28,18,358,282
12158.jpg,396,300,89,3,0,399,300
12078.jpg,558,444,89,44,36,602,480
12108.jpg,236,199,89,4,51,240,250
12069.jpg,286,222,89,12,13,298,235
12159.jpg,243,204,89,9,0,252,204
14685.jpg,392,275,89,323,135,715,410
12155.jpg,310,290,89,8,158,318,448
12130.jpg,153,136,89,297,0,450,136
12105.jpg,350,323,89,0,16,350,339
12079.jpg,330,352,89,470,211,800,563
16012.jpg,182,135,89,250,1,432,136
12100.jpg,277,297,89,523,241,800,538
12068.jpg,309,192,89,0,22,309,214
12134.jpg,307,237,89,9,3,316,240
12160.jpg,778,600,89,0,0,778,600
12072.jpg,313,211,89,40,10,353,221
12139.jpg,355,273,89,15,11,370,284
12119.jpg,528,480,89,94,0,622,480
12129.jpg,489,447,89,311,153,800,600
12063.jpg,417,317,89,92,91,509,408
12096.jpg,167,119,89,6,65,173,184
12101.jpg,342,232,89,7,0,349,232
12112.jpg,211,221,89,0,73,211,294
12142.jpg,207,171,89,193,0,400,171
12123.jpg,318,256,89,103,21,421,277
12086.jpg,261,204,89,505,301,766,505
12128.jpg,291,242,89,2,10,293,252
14017.jpg,333,307,89,438,236,771,543
16017.jpg,251,239,89,325,151,576,390
12144.jpg,334,445,89,0,8,334,453
15667.jpg,179,169,89,246,11,425,180
83.jpg,261,235,89,317,221,578,456
12156.jpg,511,468,89,0,98,511,566
12102.jpg,750,581,89,0,0,750,581
16033.jpg,211,155,89,322,0,533,155
92.jpg,337,318,89,463,268,800,586
12077.jpg,504,344,90,45,18,549,362
14851.jpg,190,176,90,380,36,570,212
12243.jpg,175,129,90,5,131,180,260
12255.jpg,300,418,90,0,32,300,450
16267.jpg,243,230,90,352,85,595,315
12218.jpg,449,264,90,0,73,449,337
12232.jpg,633,498,90,30,13,663,511
16681.jpg,250,245,90,384,124,634,369
12258.jpg,171,149,90,3,22,174,171
12171.jpg,353,344,90,438,226,791,570
12197.jpg,197,107,90,52,25,249,132
12206.jpg,416,291,90,28,2,444,293
12229.jpg,365,314,90,20,0,385,314
12161.jpg,349,249,90,0,0,349,249
12235.jpg,365,294,90,3,171,368,465
12173.jpg,174,156,90,33,12,207,168
16694.jpg,265,253,90,372,97,637,350
12167.jpg,287,260,90,8,94,295,354
12194.jpg,367,295,90,52,38,419,333
12245.jpg,283,254,90,217,80,500,334
16271.jpg,246,221,90,350,150,596,371
12176.jpg,393,253,90,7,0,400,253
14921.jpg,152,172,90,184,278,336,450
12221.jpg,630,468,90,4,4,634,472
12193.jpg,218,204,90,4,64,222,268
12220.jpg,288,193,90,45,31,333,224
12256.jpg,384,288,90,0,0,384,288
12178.jpg,205,160,90,195,18,400,178
12164.jpg,200,145,90,0,20,200,165
12182.jpg,798,600,90,0,0,798,600
12200.jpg,474,354,90,16,14,490,368
16634.jpg,262,239,90,336,101,598,340
12230.jpg,399,291,90,1,9,400,300
12175.jpg,322,233,90,190,151,512,384
12252.jpg,685,477,90,43,54,728,531
12196.jpg,197,261,90,254,77,451,338
12250.jpg,450,338,90,0,0,450,338
16683.jpg,276,244,90,357,152,633,396
12168.jpg,148,139,90,0,37,148,176
5512.jpg,174,144,90,150,81,324,225
12162.jpg,167,155,90,32,12,199,167
12228.jpg,446,338,90,0,0,446,338
12239.jpg,395,298,90,0,2,395,300
12214.jpg,321,272,90,0,1,321,273
12195.jpg,234,203,90,7,9,241,212
12177.jpg,512,384,90,0,0,512,384
16675.jpg,271,261,90,327,145,598,406
11997.jpg,160,120,90,71,35,231,155
12248.jpg,370,278,90,29,10,399,288
12203.jpg,370,268,90,9,24,379,292
12223.jpg,394,300,90,4,0,398,300
12179.jpg,480,360,90,0,0,480,360
12169.jpg,182,165,90,0,12,182,177
12210.jpg,366,279,90,16,19,382,298
12227.jpg,498,538,90,0,162,498,700
12192.jpg,463,420,90,70,10,533,430
12187.jpg,279,174,90,19,0,298,174
12207.jpg,280,331,90,0,66,280,397
16112.jpg,256,240,90,337,46,593,286
12201.jpg,443,325,90,53,4,496,329
12208.jpg,496,328,90,0,3,496,331
12259.jpg,353,255,90,0,22,353,277
12211.jpg,395,278,90,5,9,400,287
12181.jpg,341,269,90,171,115,512,384
12165.jpg,518,420,90,122,60,640,480
12219.jpg,314,278,90,326,98,640,376
12224.jpg,193,156,90,21,13,214,169
12225.jpg,630,461,90,0,12,630,473
12215.jpg,398,336,90,0,0,398,336
12238.jpg,237,211,90,27,49,264,260
12185.jpg,450,264,90,0,13,450,277
12249.jpg,680,590,90,46,0,726,590
12241.jpg,280,285,90,0,20,280,305
12186.jpg,285,210,90,18,6,303,216
12260.jpg,366,278,90,2,7,368,285
12190.jpg,285,291,90,0,9,285,300
12222.jpg,239,282,90,1,12,240,294
12234.jpg,437,315,90,0,0,437,315
12198.jpg,488,422,90,52,54,540,476
12191.jpg,346,200,90,2,0,348,200
12199.jpg,422,313,90,48,38,470,351
12226.jpg,161,143,90,36,9,197,152
12184.jpg,204,202,90,436,162,640,364
4935.jpg,90,50,90,83,4,173,54
12240.jpg,650,432,90,0,0,650,432
12170.jpg,139,129,90,31,12,170,141
14816.jpg,399,582,90,301,18,700,600
12216.jpg,300,225,90,0,0,300,225
16686.jpg,219,193,90,417,217,636,410
12246.jpg,694,563,90,28,0,722,563
11990.jpg,234,209,90,266,126,500,335
12233.jpg,483,399,90,25,8,508,407
12204.jpg,169,165,90,10,0,179,165
16285.jpg,167,130,91,366,6,533,136
12282.jpg,276,217,91,22,0,298,217
16676.jpg,182,169,91,405,212,587,381
12347.jpg,596,447,91,0,3,596,450
16782.jpg,209,205,91,1,1,210,206
15098.jpg,420,232,91,180,218,600,450
12262.jpg,582,480,91,8,0,590,480
15191.jpg,169,156,91,363,104,532,260
12279.jpg,300,211,91,0,18,300,229
12318.jpg,278,231,91,0,0,278,231
15732.jpg,189,159,91,402,155,591,314
11608.jpg,162,121,91,298,0,460,121
14414.jpg,238,260,91,288,31,526,291
12272.jpg,393,336,91,33,7,426,343
12319.jpg,272,283,91,3,9,275,292
12353.jpg,436,310,91,0,0,436,310
14226.jpg,111,116,91,192,2,303,118
12334.jpg,494,326,91,6,23,500,349
11483.jpg,163,170,91,0,121,163,291
12308.jpg,478,246,91,20,98,498,344
12306.jpg,464,344,91,68,112,532,456
12365.jpg,408,308,91,0,0,408,308
12346.jpg,632,446,91,2,32,634,478
12360.jpg,280,299,91,0,37,280,336
16674.jpg,175,176,91,417,231,592,407
12309.jpg,271,278,91,9,0,280,278
14025.jpg,197,168,91,256,65,453,233
13770.jpg,202,155,91,436,89,638,244
12321.jpg,775,596,91,25,0,800,596
15604.jpg,166,176,91,73,323,239,499
5101.jpg,260,155,91,34,22,294,177
12340.jpg,512,346,91,0,19,512,365
12294.jpg,321,305,91,0,16,321,321
12274.jpg,446,336,91,0,0,446,336
5013.jpg,262,174,91,376,0,638,174
12325.jpg,383,296,91,17,0,400,296
16688.jpg,157,168,91,480,129,637,297
14906.jpg,152,194,91,180,577,332,771
12476.jpg,276,224,91,364,20,640,244
12354.jpg,702,500,91,38,28,740,528
15213.jpg,140,140,91,280,66,420,206
15545.jpg,258,227,91,182,223,440,450
12278.jpg,578,410,91,15,8,593,418
12291.jpg,578,448,91,18,0,596,448
12303.jpg,233,235,91,21,44,254,279
12323.jpg,227,167,91,0,0,227,167
12323.jpg,258,228,91,22,145,280,373
12268.jpg,197,230,91,1,19,198,249
14234.jpg,93,72,91,193,88,286,160
5106.jpg,165,73,91,0,0,165,73
14966.jpg,162,192,91,474,200,636,392
12267.jpg,277,326,91,0,24,277,350
12320.jpg,300,365,91,0,0,300,365
16008.jpg,147,103,91,225,5,372,108
12341.jpg,286,211,91,13,10,299,221
12358.jpg,220,180,91,0,0,220,180
15874.jpg,323,292,91,145,5,468,297
15692.jpg,151,106,91,136,11,287,117
12335.jpg,460,356,91,63,70,523,426
12345.jpg,532,411,91,66,3,598,414
12343.jpg,348,247,91,2,8,350,255
12317.jpg,280,391,91,0,16,280,407
12284.jpg,198,165,91,1,35,199,200
12316.jpg,775,525,91,25,75,800,600
14267.jpg,104,74,91,182,86,286,160
12285.jpg,389,332,91,28,6,417,338
12330.jpg,290,204,91,0,9,290,213
15601.jpg,191,168,91,401,161,592,329
12328.jpg,465,344,91,30,35,495,379
12342.jpg,280,261,91,0,19,280,280
12315.jpg,453,408,91,4,5,457,413
12287.jpg,640,432,91,0,46,640,478
12266.jpg,614,474,91,0,6,614,480
14022.jpg,193,172,91,560,143,753,315
12332.jpg,279,373,91,0,0,279,373
15192.jpg,192,164,91,360,158,552,322
12288.jpg,400,300,91,0,0,400,300
12271.jpg,752,555,91,28,45,780,600
12298.jpg,352,288,91,0,0,352,288
15627.jpg,239,241,91,18,112,257,353
15683.jpg,151,120,91,430,57,581,177
16387.jpg,188,197,91,407,180,595,377
12295.jpg,585,483,91,193,0,778,483
12327.jpg,334,314,91,2,63,336,377
12283.jpg,316,237,91,2,3,318,240
12277.jpg,624,456,91,16,8,640,464
12060.jpg,282,228,91,100,252,382,480
12336.jpg,278,208,91,0,0,278,208
12314.jpg,795,599,91,5,1,800,600
12350.jpg,715,468,91,18,83,733,551
12273.jpg,399,330,91,24,23,423,353
5127.jpg,180,91,91,69,8,249,99
15573.jpg,297,240,91,303,43,600,283
12296.jpg,431,319,91,12,2,443,321
16258.jpg,202,213,91,398,135,600,348
794.jpg,207,198,91,239,110,446,308
12333.jpg,367,293,91,39,6,406,299
12313.jpg,300,295,91,0,83,300,378
12356.jpg,627,528,91,171,1,798,529
12355.jpg,353,225,91,42,55,395,280
12329.jpg,339,265,91,5,50,344,315
15814.jpg,233,261,91,367,171,600,432
12269.jpg,576,428,91,4,8,580,436
12292.jpg,547,333,91,26,67,573,400
12299.jpg,743,503,91,0,26,743,529
5115.jpg,164,134,91,476,130,640,264
15924.jpg,139,158,91,461,153,600,311
12305.jpg,380,291,91,0,0,380,291
15471.jpg,176,135,91,307,34,483,169
15425.jpg,142,120,91,242,15,384,135
16685.jpg,216,203,91,17,206,233,409
12290.jpg,400,278,91,0,1,400,279
12265.jpg,239,312,91,0,0,239,312
5149.jpg,66,26,91,254,0,320,26
12331.jpg,316,253,91,11,8,327,261
15019.jpg,166,133,91,134,19,300,152
12297.jpg,798,523,91,0,1,798,524
12304.jpg,415,223,91,65,73,480,296
14467.jpg,291,283,91,0,225,291,508
12280.jpg,614,508,91,91,107,705,615
15518.jpg,256,224,91,0,17,256,241
12307.jpg,392,298,91,5,2,397,300
12364.jpg,350,268,91,0,41,350,309
12264.jpg,450,356,91,0,1,450,357
12293.jpg,800,529,91,0,0,800,529
16036.jpg,188,175,91,412,223,600,398
12312.jpg,366,257,91,24,29,390,286
12300.jpg,477,348,91,0,36,477,384
12281.jpg,341,238,91,2,12,343,250
12324.jpg,492,325,91,8,9,500,334
12363.jpg,586,416,91,3,0,589,416
16020.jpg,208,211,91,0,150,208,361
12455.jpg,383,375,92,0,138,383,513
12387.jpg,352,302,92,51,0,403,302
12451.jpg,523,367,92,13,0,536,367
12368.jpg,478,495,92,0,145,478,640
15907.jpg,268,213,92,22,147,290,360
16679.jpg,256,238,92,32,210,288,448
12390.jpg,442,313,92,21,22,463,335
12450.jpg,484,375,92,16,0,500,375
12376.jpg,425,350,92,0,0,425,350
14843.jpg,364,336,92,0,88,364,424
12394.jpg,304,244,92,133,17,437,261
12437.jpg,293,290,92,62,0,355,290
12429.jpg,571,461,92,20,117,591,578
15376.jpg,358,300,92,47,52,405,352
16629.jpg,260,220,92,17,167,277,387
12388.jpg,325,268,92,109,25,434,293
14013.jpg,374,332,92,6,263,380,595
12417.jpg,361,280,92,25,20,386,300
12403.jpg,226,204,92,9,106,235,310
14754.jpg,387,329,92,29,85,416,414
12439.jpg,423,361,92,3,8,426,369
12397.jpg,711,412,92,2,8,713,420
12088.jpg,137,109,92,0,6,137,115
16694.jpg,329,293,92,12,141,341,434
15742.jpg,281,291,92,14,79,295,370
12401.jpg,392,326,92,0,10,392,336
13741.jpg,480,528,92,0,49,480,577
12420.jpg,280,280,92,0,0,280,280
12375.jpg,640,480,92,0,0,640,480
12400.jpg,385,294,92,5,6,390,300
12414.jpg,400,295,92,0,5,400,300
14990.jpg,232,251,92,264,145,496,396
16271.jpg,292,243,92,16,145,308,388
12374.jpg,256,186,92,0,0,256,186
14782.jpg,534,480,92,32,0,566,480
12378.jpg,300,212,92,0,0,300,212
11556.jpg,358,480,92,0,0,358,480
12395.jpg,435,332,92,0,0,435,332
12461.jpg,328,283,92,39,6,367,289
12371.jpg,259,196,92,141,86,400,282
12384.jpg,283,241,92,217,65,500,306
12391.jpg,790,485,92,10,64,800,549
15381.jpg,324,263,92,27,86,351,349
15038.jpg,396,407,92,17,61,413,468
12382.jpg,500,295,92,0,38,500,333
14087.jpg,309,153,92,406,188,715,341
12447.jpg,375,473,92,0,23,375,496
12385.jpg,222,232,92,0,73,222,305
12196.jpg,207,262,92,0,76,207,338
11874.jpg,209,211,92,0,76,209,287
16683.jpg,307,275,92,53,190,360,465
12410.jpg,500,375,92,0,0,500,375
12444.jpg,500,372,92,0,0,500,372
12418.jpg,360,287,92,71,35,431,322
12470.jpg,313,283,92,18,130,331,413
15712.jpg,291,289,92,0,138,291,427
15620.jpg,320,306,92,115,72,435,378
15149.jpg,280,260,92,56,210,336,470
12416.jpg,728,492,92,55,48,783,540
15411.jpg,324,299,92,23,108,347,407
12404.jpg,595,450,92,96,0,691,450
15734.jpg,357,315,92,20,70,377,385
14907.jpg,336,224,92,304,144,640,368
14052.jpg,346,162,92,225,211,571,373
12157.jpg,460,422,92,0,66,460,488
12453.jpg,534,502,92,121,83,655,585
16283.jpg,288,276,92,37,171,325,447
12465.jpg,466,389,92,14,45,480,434
12396.jpg,391,306,92,45,6,436,312
12381.jpg,343,284,92,82,39,425,323
12367.jpg,450,338,92,0,0,450,338
14850.jpg,344,312,92,210,130,554,442
12413.jpg,553,415,92,0,0,553,415
12466.jpg,400,299,92,0,0,400,299
12466.jpg,400,291,92,0,8,400,299
12425.jpg,420,333,92,27,12,447,345
12366.jpg,553,428,92,10,9,563,437
15380.jpg,348,297,92,19,37,367,334
12467.jpg,298,229,92,4,2,302,231
15112.jpg,368,353,92,25,185,393,538
15828.jpg,554,448,92,6,0,560,448
12427.jpg,326,330,92,111,17,437,347
14063.jpg,267,247,92,466,231,733,478
14078.jpg,302,248,92,153,100,455,348
12405.jpg,339,229,92,153,40,492,269
12187.jpg,345,326,92,0,154,345,480
12443.jpg,487,348,92,3,16,490,364
14685.jpg,335,256,92,0,61,335,317
13700.jpg,344,306,92,132,48,476,354
12421.jpg,282,240,92,6,135,288,375
14989.jpg,268,302,92,208,126,476,428
12457.jpg,475,364,92,68,34,543,398
12393.jpg,264,218,92,0,65,264,283
12460.jpg,796,564,92,0,26,796,590
12469.jpg,500,357,92,0,31,500,388
14064.jpg,354,268,92,26,158,380,426
11404.jpg,359,322,92,1,45,360,367
15756.jpg,346,303,92,11,7,357,310
12431.jpg,404,323,92,41,16,445,339
12426.jpg,800,676,92,0,0,800,676
12370.jpg,476,464,92,88,16,564,480
12438.jpg,386,249,92,51,12,437,261
16601.jpg,345,306,92,251,87,596,393
12389.jpg,287,260,92,1,71,288,331
12412.jpg,356,360,92,50,8,406,368
12415.jpg,320,240,92,0,0,320,240
12468.jpg,331,264,92,44,21,375,285
12402.jpg,480,473,92,63,0,543,473
10601.jpg,360,331,92,0,78,360,409
12422.jpg,298,285,92,0,35,298,320
12428.jpg,490,375,92,0,0,490,375
12463.jpg,748,553,92,18,0,766,553
14476.jpg,442,331,92,25,0,467,331
12433.jpg,540,444,92,66,28,606,472
12142.jpg,249,233,92,0,17,249,250
12440.jpg,277,145,92,0,73,277,218
12452.jpg,397,296,92,1,4,398,300
12380.jpg,325,222,92,3,76,328,298
14783.jpg,524,472,92,44,8,568,480
12392.jpg,498,373,92,0,0,498,373
12424.jpg,500,375,92,0,0,500,375
12379.jpg,314,220,92,109,57,423,277
12432.jpg,500,371,92,0,1,500,372
14017.jpg,306,334,92,0,266,306,600
12462.jpg,520,422,92,125,3,645,425
12406.jpg,258,220,92,20,142,278,362
12442.jpg,403,273,92,69,21,472,294
15665.jpg,332,310,92,246,32,578,342
14041.jpg,271,213,92,0,138,271,351
12369.jpg,295,209,92,0,49,295,258
12377.jpg,400,359,92,0,0,400,359
12409.jpg,283,203,92,0,128,283,331
12430.jpg,632,472,92,0,8,632,480
12411.jpg,463,347,92,0,1,463,348
13364.jpg,374,278,93,20,7,394,285
15113.jpg,136,124,93,412,24,548,148
13301.jpg,290,250,93,34,176,324,426
13374.jpg,363,267,93,31,24,394,291
13322.jpg,347,270,93,20,13,367,283
13306.jpg,327,351,93,23,77,350,428
15583.jpg,182,192,93,32,410,214,602
13346.jpg,301,197,93,16,14,317,211
13310.jpg,226,192,93,8,72,234,264
13294.jpg,481,325,93,3,167,484,492
13296.jpg,268,200,93,38,18,306,218
13302.jpg,535,357,93,32,60,567,417
13288.jpg,281,199,93,7,33,288,232
13704.jpg,178,135,93,266,147,444,282
13368.jpg,364,265,93,10,16,374,281
13328.jpg,531,407,93,69,43,600,450
13335.jpg,529,352,93,32,60,561,412
13359.jpg,555,440,93,158,133,713,573
13354.jpg,364,435,93,0,6,364,441
13303.jpg,121,102,93,137,53,258,155
13337.jpg,235,353,93,1,37,236,390
13338.jpg,389,271,93,48,20,437,291
13315.jpg,179,135,93,73,47,252,182
13341.jpg,369,230,93,24,42,393,272
13333.jpg,195,124,93,88,31,283,155
13304.jpg,327,163,93,8,57,335,220
13307.jpg,243,197,93,1,21,244,218
13365.jpg,250,139,93,99,77,349,216
13233.jpg,71,62,93,217,6,288,68
13330.jpg,479,431,93,1,129,480,560
13314.jpg,236,252,93,0,48,236,300
13332.jpg,538,358,93,68,76,606,434
13319.jpg,106,80,93,380,75,486,155
13372.jpg,259,194,93,0,89,259,283
13353.jpg,350,247,93,34,26,384,273
15176.jpg,141,120,93,437,0,578,120
13309.jpg,195,146,93,18,1,213,147
13279.jpg,298,215,93,16,23,314,238
13362.jpg,428,286,93,7,7,435,293
13348.jpg,400,285,93,0,15,400,300
13334.jpg,628,464,93,8,0,636,464
13305.jpg,475,342,93,10,19,485,361
14909.jpg,140,98,93,136,84,276,182
11184.jpg,93,99,93,327,190,420,289
13312.jpg,454,561,93,0,84,454,645
13327.jpg,166,185,93,78,178,244,363
13281.jpg,255,295,93,17,19,272,314
13291.jpg,248,230,93,6,5,254,235
13285.jpg,426,320,93,19,28,445,348
13336.jpg,319,208,93,17,35,336,243
13317.jpg,433,323,93,17,14,450,337
13345.jpg,361,275,93,20,0,381,275
13339.jpg,280,246,93,0,69,280,315
13286.jpg,344,175,93,33,21,377,196
13357.jpg,580,291,93,0,133,580,424
13284.jpg,242,166,93,31,14,273,180
13342.jpg,448,253,93,3,67,451,320
13373.jpg,240,165,93,18,34,258,199
11197.jpg,105,84,93,231,33,336,117
13277.jpg,265,317,93,9,31,274,348
13371.jpg,405,252,93,25,50,430,302
14899.jpg,214,135,93,416,225,630,360
13292.jpg,413,280,93,25,32,438,312
13290.jpg,210,167,93,4,1,214,168
13321.jpg,319,168,93,96,70,415,238
13318.jpg,208,128,93,36,53,244,181
13299.jpg,453,283,93,18,39,471,322
13298.jpg,438,346,93,96,60,534,406
13297.jpg,179,213,93,314,159,493,372
13347.jpg,370,397,93,7,33,377,430
13340.jpg,327,271,93,178,115,505,386
13308.jpg,431,330,93,28,0,459,330
13375.jpg,652,555,93,0,6,652,561
13331.jpg,130,93,93,59,65,189,158
13278.jpg,595,364,93,37,35,632,399
13351.jpg,418,272,93,0,40,418,312
13360.jpg,408,314,93,0,1,408,315
13289.jpg,518,326,93,70,98,588,424
13696.jpg,253,147,93,443,36,696,183
13280.jpg,481,345,93,8,11,489,356
13363.jpg,254,305,93,7,11,261,316
13293.jpg,250,150,93,123,0,373,150
13311.jpg,281,295,93,11,65,292,360
4935.jpg,76,63,93,9,6,85,69
13369.jpg,620,440,93,12,16,632,456
13282.jpg,277,259,93,12,19,289,278
13352.jpg,340,354,93,0,174,340,528
13283.jpg,283,208,93,19,11,302,219
14944.jpg,400,354,94,178,42,578,396
12503.jpg,197,278,94,203,27,400,305
12525.jpg,137,173,94,58,30,195,203
12525.jpg,111,124,94,129,0,240,124
14928.jpg,425,340,94,326,260,751,600
14928.jpg,357,367,94,68,186,425,553
14928.jpg,323,270,94,3,40,326,310
12551.jpg,168,187,94,57,62,225,249
12551.jpg,154,175,94,182,15,336,190
12520.jpg,264,199,94,176,101,440,300
12520.jpg,306,281,94,11,0,317,281
14804.jpg,256,316,94,382,40,638,356
14804.jpg,264,310,94,164,58,428,368
14804.jpg,230,274,94,12,114,242,388
12523.jpg,367,214,94,33,43,400,257
12510.jpg,230,172,94,0,0,230,172
14047.jpg,256,195,94,370,156,626,351
12540.jpg,225,227,94,116,93,341,320
12548.jpg,308,263,94,90,54,398,317
12515.jpg,221,171,94,0,104,221,275
12515.jpg,137,124,94,115,20,252,144
14210.jpg,70,61,94,38,13,108,74
14210.jpg,67,67,94,35,81,102,148
12528.jpg,111,97,94,102,4,213,101
12528.jpg,113,117,94,45,120,158,237
12528.jpg,124,111,94,162,119,286,230
12536.jpg,299,245,94,95,58,394,303
14941.jpg,271,300,94,53,0,324,300
12530.jpg,81,104,94,15,17,96,121
12530.jpg,87,107,94,80,22,167,129
12524.jpg,204,182,94,67,76,271,258
12524.jpg,173,153,94,162,27,335,180
14945.jpg,231,239,94,5,9,236,248
12517.jpg,172,238,94,198,30,370,268
12517.jpg,252,292,94,258,60,510,352
14643.jpg,242,258,94,78,0,320,258
12511.jpg,388,437,94,378,6,766,443
12511.jpg,340,471,94,111,11,451,482
12533.jpg,72,96,94,83,19,155,115
12533.jpg,99,130,94,5,24,104,154
12543.jpg,370,489,94,93,6,463,495
12543.jpg,328,404,94,388,1,716,405
14942.jpg,235,255,94,155,115,390,370
14942.jpg,166,255,94,355,65,521,320
12529.jpg,267,241,94,19,123,286,364
12529.jpg,254,238,94,169,70,423,308
12529.jpg,190,245,94,308,13,498,258
12522.jpg,110,108,94,122,29,232,137
12522.jpg,129,132,94,242,90,371,222
12522.jpg,141,132,94,87,95,228,227
12522.jpg,130,135,94,231,174,361,309
12522.jpg,143,137,94,92,168,235,305
12522.jpg,126,131,94,224,3,350,134
12507.jpg,378,306,94,0,32,378,338
14948.jpg,392,408,94,92,58,484,466
14948.jpg,220,328,94,0,60,220,388
12518.jpg,206,280,94,380,98,586,378
12518.jpg,172,324,94,220,66,392,390
12518.jpg,188,274,94,68,98,256,372
14927.jpg,464,523,94,336,75,800,598
14927.jpg,372,495,94,166,5,538,500
14927.jpg,314,411,94,1,0,315,411
12500.jpg,352,264,94,0,22,352,286
16699.jpg,142,111,94,438,70,580,181
14938.jpg,191,177,94,153,52,344,229
14938.jpg,160,186,94,57,12,217,198
12509.jpg,400,280,94,0,18,400,298
12556.jpg,386,186,94,6,80,392,266
12505.jpg,242,221,94,195,119,437,340
12542.jpg,184,166,94,11,3,195,169
12542.jpg,180,161,94,156,18,336,179
12542.jpg,158,153,94,284,22,442,175
15608.jpg,107,110,94,245,435,352,545
15608.jpg,101,98,94,152,437,253,535
15608.jpg,90,111,94,244,520,334,631
15608.jpg,90,117,94,169,519,259,636
15608.jpg,103,105,94,78,520,181,625
12557.jpg,174,249,94,12,23,186,272
12557.jpg,134,245,94,156,50,290,295
12557.jpg,198,252,94,250,64,448,316
12514.jpg,102,138,94,31,31,133,169
12514.jpg,162,141,94,91,75,253,216
12514.jpg,120,118,94,136,22,256,140
12514.jpg,101,83,94,94,0,195,83
14926.jpg,223,229,94,535,87,758,316
14926.jpg,202,236,94,361,74,563,310
14926.jpg,181,258,94,185,75,366,333
14926.jpg,210,251,94,0,70,210,321
12538.jpg,186,222,94,76,8,262,230
12538.jpg,183,235,94,192,35,375,270
14935.jpg,225,209,94,80,106,305,315
14935.jpg,129,189,94,0,31,129,220
14930.jpg,235,276,94,565,225,800,501
14930.jpg,269,250,94,306,210,575,460
14930.jpg,315,253,94,0,185,315,438
14930.jpg,229,247,94,426,58,655,305
14930.jpg,240,221,94,205,30,445,251
14930.jpg,210,235,94,0,6,210,241
13626.jpg,517,552,94,189,41,706,593
12553.jpg,322,285,94,63,23,385,308
12552.jpg,382,364,94,94,60,476,424
12552.jpg,264,318,94,0,62,264,380
12550.jpg,296,232,94,168,184,464,416
12526.jpg,219,189,94,12,18,231,207
13889.jpg,83,89,94,45,33,128,122
12546.jpg,258,200,94,120,70,378,270
12100.jpg,427,248,94,38,248,465,496
14933.jpg,189,168,94,210,65,399,233
14933.jpg,183,187,94,30,61,213,248
12532.jpg,242,251,94,68,23,310,274
12532.jpg,262,291,94,282,14,544,305
12535.jpg,217,187,94,136,90,353,277
16703.jpg,155,140,94,429,248,584,388
12499.jpg,287,295,94,43,0,330,295
12513.jpg,82,136,94,0,174,82,310
12513.jpg,114,138,94,80,171,194,309
12513.jpg,61,144,94,179,152,240,296
15911.jpg,90,94,94,430,58,520,152
14932.jpg,410,445,94,390,46,800,491
14932.jpg,393,465,94,38,25,431,490
12555.jpg,170,163,94,41,54,211,217
12129.jpg,345,357,94,0,243,345,600
12506.jpg,375,286,94,5,15,380,301
15757.jpg,130,98,94,378,212,508,310
11618.jpg,331,285,94,51,12,382,297
11558.jpg,343,335,94,0,13,343,348
15182.jpg,142,110,94,238,258,380,368
12501.jpg,280,250,94,0,11,280,261
12531.jpg,488,410,94,44,0,532,410
14849.jpg,300,258,94,172,110,472,368
15305.jpg,377,331,94,150,42,527,373
13965.jpg,294,274,94,64,0,358,274
12504.jpg,400,300,94,0,0,400,300
14306.jpg,298,222,94,368,258,666,480
12502.jpg,354,315,94,8,22,362,337
12512.jpg,271,262,94,90,43,361,305
12512.jpg,203,206,94,16,0,219,206
14936.jpg,332,377,94,266,7,598,384
14936.jpg,292,327,94,2,77,294,404
12554.jpg,150,252,94,3,39,153,291
12554.jpg,133,249,94,135,51,268,300
12554.jpg,174,313,94,276,6,450,319
12539.jpg,246,256,94,5,19,251,275
12539.jpg,157,240,94,151,41,308,281
12527.jpg,220,186,94,38,26,258,212
14937.jpg,444,436,94,138,16,582,452
14925.jpg,290,292,94,161,221,451,513
14925.jpg,287,279,94,8,71,295,350
12547.jpg,97,151,94,8,84,105,235
12547.jpg,100,132,94,96,91,196,223
12519.jpg,220,270,94,244,32,464,302
12519.jpg,232,264,94,43,41,275,305
12723.jpg,430,236,95,22,69,452,305
12696.jpg,176,149,95,69,38,245,187
12724.jpg,508,366,95,0,16,508,382
12728.jpg,470,315,95,1,39,471,354
14336.jpg,437,254,95,356,176,793,430
12697.jpg,314,291,95,3,107,317,398
12675.jpg,352,272,95,30,39,382,311
12741.jpg,280,373,95,0,0,280,373
12682.jpg,750,596,95,28,29,778,625
12691.jpg,488,469,95,0,63,488,532
12755.jpg,774,409,95,6,186,780,595
12717.jpg,345,282,95,0,112,345,394
12716.jpg,187,190,95,3,128,190,318
12722.jpg,334,252,95,2,0,336,252
12736.jpg,345,263,95,50,32,395,295
12681.jpg,750,550,95,1,36,751,586
12734.jpg,258,342,95,4,18,262,360
12680.jpg,261,181,95,8,46,269,227
12702.jpg,429,233,95,1,12,430,245
12727.jpg,786,553,95,0,35,786,588
12668.jpg,423,315,95,91,21,514,336
12751.jpg,392,252,95,61,69,453,321
12762.jpg,238,150,95,10,49,248,199
12712.jpg,421,277,95,22,17,443,294
12672.jpg,433,239,95,20,68,453,307
12711.jpg,100,83,95,43,86,143,169
12749.jpg,197,214,95,0,80,197,294
12686.jpg,387,292,95,1,1,388,293
12750.jpg,439,366,95,36,9,475,375
12701.jpg,371,282,95,8,3,379,285
12674.jpg,604,456,95,8,20,612,476
12692.jpg,249,198,95,12,46,261,244
12752.jpg,308,200,95,84,86,392,286
12726.jpg,767,592,95,28,20,795,612
12694.jpg,338,253,95,12,23,350,276
12725.jpg,649,403,95,21,213,670,616
12747.jpg,707,375,95,73,186,780,561
12704.jpg,336,311,95,155,45,491,356
12665.jpg,795,590,95,3,5,798,595
12765.jpg,760,568,95,21,10,781,578
12695.jpg,369,214,95,42,80,411,294
12699.jpg,193,136,95,21,24,214,160
12740.jpg,722,394,95,6,132,728,526
12761.jpg,218,178,95,97,56,315,234
12684.jpg,577,437,95,2,4,579,441
12664.jpg,796,642,95,0,5,796,647
12729.jpg,499,296,95,0,57,499,353
12721.jpg,468,375,95,0,0,468,375
12730.jpg,215,164,95,3,4,218,168
12687.jpg,312,268,95,40,2,352,270
12669.jpg,501,351,95,92,62,593,413
12756.jpg,343,314,95,7,22,350,336
12667.jpg,242,150,95,19,33,261,183
12688.jpg,290,216,95,5,3,295,219
12670.jpg,790,430,95,8,165,798,595
12746.jpg,598,634,95,0,166,598,800
12708.jpg,389,291,95,6,6,395,297
12764.jpg,109,70,95,46,40,155,110
12719.jpg,168,183,95,210,151,378,334
12698.jpg,296,190,95,99,74,395,264
12689.jpg,293,217,95,42,35,335,252
12705.jpg,215,258,95,12,36,227,294
12720.jpg,295,272,95,0,155,295,427
12666.jpg,324,255,95,10,8,334,263
12742.jpg,800,601,95,0,0,800,601
12693.jpg,524,418,95,64,20,588,438
12671.jpg,324,267,95,36,0,360,267
12676.jpg,256,168,95,119,97,375,265
12739.jpg,291,183,95,99,71,390,254
12700.jpg,464,340,95,6,19,470,359
12744.jpg,800,577,95,0,23,800,600
12763.jpg,405,422,95,4,1,409,423
12679.jpg,231,106,95,88,50,319,156
12679.jpg,284,172,95,201,174,485,346
12679.jpg,294,159,95,127,92,421,251
12673.jpg,242,240,95,72,180,314,420
12709.jpg,316,212,95,0,1,316,213
12735.jpg,320,202,95,0,38,320,240
12733.jpg,456,307,95,3,91,459,398
12683.jpg,667,559,95,83,41,750,600
12707.jpg,324,296,95,76,25,400,321
14284.jpg,290,294,95,350,180,640,474
12731.jpg,439,323,95,0,6,439,329
12760.jpg,482,339,95,10,29,492,368
12678.jpg,240,256,95,0,32,240,288
11640.jpg,478,295,96,0,31,478,326
12845.jpg,497,229,96,0,71,497,300
12840.jpg,500,263,96,0,61,500,324
12781.jpg,471,184,96,10,135,481,319
12797.jpg,414,316,96,61,27,475,343
12771.jpg,674,269,96,51,87,725,356
16131.jpg,597,310,96,0,112,597,422
12815.jpg,498,234,96,0,92,498,326
12808.jpg,596,308,96,4,90,600,398
12854.jpg,497,275,96,0,36,497,311
12818.jpg,493,259,96,3,66,496,325
12793.jpg,424,308,96,44,50,468,358
11483.jpg,306,267,96,174,93,480,360
12811.jpg,486,262,96,3,36,489,298
12767.jpg,640,346,96,0,96,640,442
12772.jpg,591,347,96,6,86,597,433
15839.jpg,598,360,96,0,0,598,360
12859.jpg,402,214,96,0,60,402,274
16553.jpg,598,304,96,2,58,600,362
12794.jpg,404,273,96,43,51,447,324
12783.jpg,495,234,96,0,41,495,275
16359.jpg,596,322,96,1,108,597,430
12816.jpg,324,290,96,169,55,493,345
15452.jpg,198,199,96,12,23,210,222
15452.jpg,208,190,96,45,233,253,423
15452.jpg,345,322,96,251,4,596,326
12861.jpg,415,295,96,5,11,420,306
14892.jpg,640,318,96,0,154,640,472
12806.jpg,363,139,96,48,129,411,268
12787.jpg,484,261,96,10,85,494,346
12830.jpg,432,256,96,28,80,460,336
15722.jpg,593,311,96,2,131,595,442
12863.jpg,638,412,96,0,36,638,448
12819.jpg,463,295,96,21,35,484,330
12825.jpg,732,595,96,1,3,733,598
12857.jpg,493,213,96,0,137,493,350
14865.jpg,600,262,96,0,130,600,392
12839.jpg,796,543,96,0,53,796,596
15752.jpg,443,248,96,30,60,473,308
12828.jpg,668,295,96,35,225,703,520
12858.jpg,332,237,96,9,64,341,301
12782.jpg,459,259,96,1,57,460,316
12770.jpg,550,255,96,39,113,589,368
12835.jpg,468,297,96,23,69,491,366
15847.jpg,321,335,96,262,81,583,416
15847.jpg,236,225,96,2,225,238,450
12851.jpg,458,292,96,13,28,471,320
12779.jpg,388,325,96,40,31,428,356
12773.jpg,462,183,96,13,106,475,289
12769.jpg,472,222,96,9,71,481,293
12778.jpg,434,327,96,28,39,462,366
12780.jpg,398,243,96,30,84,428,327
12823.jpg,796,370,96,0,170,796,540
12774.jpg,395,251,96,0,47,395,298
12850.jpg,500,325,96,0,8,500,333
12768.jpg,570,285,96,8,111,578,396
12866.jpg,480,382,96,0,0,480,382
12865.jpg,490,370,96,6,3,496,373
15602.jpg,247,194,96,36,144,283,338
15602.jpg,283,220,96,242,36,525,256
12803.jpg,485,288,96,6,51,491,339
12814.jpg,381,147,96,97,131,478,278
12801.jpg,416,260,96,50,78,466,338
16682.jpg,628,428,96,9,36,637,464
12799.jpg,356,238,96,76,54,432,292
12790.jpg,467,349,96,16,14,483,363
14842.jpg,472,328,96,328,218,800,546
12834.jpg,723,393,96,0,145,723,538
13989.jpg,79,81,96,189,138,268,219
13989.jpg,110,105,96,144,3,254,108
12792.jpg,404,281,96,46,78,450,359
12821.jpg,494,347,96,0,20,494,367
12804.jpg,395,186,96,0,10,395,196
12826.jpg,417,275,96,66,58,483,333
12829.jpg,432,315,96,39,38,471,353
12786.jpg,755,480,96,1,90,756,570
12843.jpg,486,338,96,10,23,496,361
12822.jpg,496,312,96,0,53,496,365
12791.jpg,489,306,96,0,34,489,340
12841.jpg,781,375,96,0,163,781,538
12855.jpg,497,317,96,0,34,497,351
12810.jpg,590,407,96,7,34,597,441
14873.jpg,501,509,96,0,91,501,600
12820.jpg,275,235,96,72,37,347,272
12846.jpg,472,233,96,6,85,478,318
11659.jpg,480,301,96,0,27,480,328
12827.jpg,495,334,96,0,25,495,359
12849.jpg,496,270,96,1,39,497,309
11690.jpg,784,355,96,4,176,788,531
12795.jpg,472,339,96,14,24,486,363
12833.jpg,488,206,96,6,106,494,312
12777.jpg,770,443,96,13,113,783,556
15505.jpg,270,270,96,291,166,561,436
15505.jpg,215,219,96,43,106,258,325
12807.jpg,495,213,96,1,87,496,300
12838.jpg,452,178,96,19,46,471,224
12775.jpg,397,273,96,0,25,397,298
12788.jpg,498,313,96,0,17,498,330
12785.jpg,491,263,96,5,73,496,336
12832.jpg,471,208,96,10,156,481,364
12798.jpg,411,299,96,50,53,461,352
14792.jpg,412,388,96,388,8,800,396
12848.jpg,475,354,96,6,6,481,360
12796.jpg,484,227,96,9,19,493,246
12800.jpg,417,260,96,27,37,444,297
12824.jpg,455,191,96,21,120,476,311
13498.jpg,247,380,97,39,50,286,430
13503.jpg,429,160,97,52,101,481,261
13725.jpg,496,199,97,68,164,564,363
13553.jpg,246,280,97,39,115,285,395
14961.jpg,792,414,97,8,151,800,565
14961.jpg,574,299,97,201,51,775,350
13547.jpg,360,239,97,4,36,364,275
13514.jpg,251,403,97,86,27,337,430
13559.jpg,526,534,97,274,37,800,571
13559.jpg,408,382,97,104,0,512,382
13563.jpg,712,290,97,43,204,755,494
13536.jpg,313,248,97,76,36,389,284
13501.jpg,627,324,97,9,73,636,397
13540.jpg,135,129,97,42,20,177,149
13537.jpg,234,136,97,63,35,297,171
13537.jpg,228,118,97,124,140,352,258
13537.jpg,160,76,97,1,9,161,85
13530.jpg,409,249,97,13,44,422,293
13500.jpg,460,277,97,36,49,496,326
13515.jpg,303,259,97,0,1,303,260
13515.jpg,366,278,97,51,37,417,315
13568.jpg,294,135,97,3,55,297,190
13519.jpg,347,186,97,28,74,375,260
13549.jpg,251,273,97,99,1,350,274
13567.jpg,280,299,97,220,56,500,355
13525.jpg,326,121,97,8,40,334,161
13509.jpg,421,244,97,0,53,421,297
13532.jpg,315,190,97,24,60,339,250
13523.jpg,222,232,97,105,31,327,263
13523.jpg,210,171,97,12,13,222,184
13499.jpg,462,234,97,72,136,534,370
13524.jpg,624,396,97,1,41,625,437
13520.jpg,221,153,97,27,84,248,237
13494.jpg,277,256,97,66,3,343,259
14959.jpg,769,308,97,31,145,800,453
13647.jpg,778,313,97,16,150,794,463
14952.jpg,318,412,97,132,34,450,446
14952.jpg,399,437,97,0,80,399,517
13557.jpg,279,256,97,47,7,326,263
13522.jpg,726,600,97,48,0,774,600
13511.jpg,773,388,97,8,160,781,548
13511.jpg,582,288,97,193,48,775,336
14968.jpg,568,288,97,36,98,604,386
13551.jpg,184,326,97,4,77,188,403
13528.jpg,252,223,97,41,78,293,301
14954.jpg,600,494,97,0,306,600,800
14954.jpg,555,391,97,0,100,555,491
13715.jpg,366,186,97,214,193,580,379
13517.jpg,498,528,97,149,0,647,528
13492.jpg,410,253,97,30,82,440,335
15647.jpg,303,544,97,42,58,345,602
13562.jpg,447,244,97,21,77,468,321
14960.jpg,775,407,97,8,86,783,493
13521.jpg,612,324,97,0,1,612,325
13493.jpg,180,291,97,23,0,203,291
13535.jpg,522,298,97,15,51,537,349
13496.jpg,711,390,97,60,131,771,521
13558.jpg,429,216,97,3,62,432,278
13497.jpg,373,160,97,105,123,478,283
13544.jpg,436,190,97,4,108,440,298
13516.jpg,360,239,97,0,37,360,276
13516.jpg,348,225,97,52,0,400,225
13548.jpg,324,351,97,77,0,401,351
13507.jpg,310,209,97,90,0,400,209
13507.jpg,320,261,97,0,39,320,300
13539.jpg,371,379,97,56,8,427,387
14963.jpg,443,324,97,0,11,443,335
13529.jpg,800,600,97,0,0,800,600
13508.jpg,300,469,97,161,29,461,498
14028.jpg,275,378,97,355,175,630,553
13526.jpg,385,168,97,43,93,428,261
13561.jpg,309,379,97,0,16,309,395
13491.jpg,292,134,97,0,64,292,198
13506.jpg,376,245,97,45,26,421,271
13545.jpg,249,167,97,37,79,286,246
14953.jpg,371,169,97,14,47,385,216
13552.jpg,505,457,97,134,41,639,498
13505.jpg,339,437,97,3,69,342,506
13550.jpg,480,219,97,0,162,480,381
13555.jpg,361,217,97,33,54,394,271
13533.jpg,191,81,97,4,60,195,141
13510.jpg,329,127,97,53,0,382,127
13554.jpg,331,287,97,0,85,331,372
14066.jpg,320,185,97,345,135,665,320
13564.jpg,355,255,97,70,37,425,292
14950.jpg,432,210,97,90,166,522,376
13527.jpg,243,157,97,42,81,285,238
14951.jpg,776,398,97,0,135,776,533
13495.jpg,458,192,97,20,63,478,255
13502.jpg,202,201,97,212,93,414,294
13556.jpg,234,242,97,4,56,238,298
14962.jpg,339,228,97,16,81,355,309
15350.jpg,301,281,98,27,42,328,323
12991.jpg,174,155,98,6,12,180,167
15849.jpg,158,137,98,238,86,396,223
16486.jpg,238,404,98,394,61,632,465
15379.jpg,206,351,98,0,11,206,362
12965.jpg,260,200,98,0,0,260,200
14814.jpg,140,300,98,500,92,640,392
15703.jpg,292,290,98,71,15,363,305
12935.jpg,497,341,98,34,81,531,422
12987.jpg,202,120,98,0,40,202,160
12956.jpg,320,240,98,0,0,320,240
4434.jpg,269,255,98,179,45,448,300
15717.jpg,124,146,98,476,277,600,423
1685.jpg,194,134,98,0,365,194,499
14919.jpg,161,212,98,409,230,570,442
1609.jpg,163,204,98,0,26,163,230
12943.jpg,387,289,98,66,45,453,334
15792.jpg,178,117,98,278,40,456,157
15763.jpg,172,80,98,173,108,345,188
15594.jpg,226,172,98,65,17,291,189
12931.jpg,220,170,98,0,0,220,170
12940.jpg,173,150,98,19,0,192,150
13567.jpg,242,245,98,0,21,242,266
12979.jpg,307,200,98,5,26,312,226
14921.jpg,220,156,98,356,140,576,296
12938.jpg,373,275,98,17,0,390,275
15801.jpg,466,360,98,81,0,547,360
12986.jpg,479,282,98,0,26,479,308
12933.jpg,300,215,98,0,45,300,260
1663.jpg,180,105,98,140,133,320,238
1663.jpg,77,33,98,152,42,229,75
11590.jpg,95,174,98,163,85,258,259
15021.jpg,184,225,98,392,161,576,386
12989.jpg,348,256,98,0,1,348,257
1664.jpg,198,186,98,4,194,202,380
13520.jpg,199,113,98,116,52,315,165
16684.jpg,177,265,98,396,47,573,312
1648.jpg,106,229,98,0,60,106,289
1648.jpg,171,105,98,306,9,477,114
15891.jpg,180,190,98,346,136,526,326
12957.jpg,400,281,98,0,0,400,281
12942.jpg,394,298,98,4,38,398,336
12975.jpg,497,319,98,3,50,500,369
12977.jpg,349,260,98,31,0,380,260
12968.jpg,414,343,98,27,2,441,345
10598.jpg,327,260,98,0,76,327,336
12970.jpg,265,311,98,51,31,316,342
11954.jpg,438,201,98,16,183,454,384
11156.jpg,198,171,98,229,157,427,328
12981.jpg,340,453,98,0,0,340,453
15780.jpg,278,265,98,287,172,565,437
14923.jpg,213,312,98,495,256,708,568
15513.jpg,248,192,98,245,46,493,238
13760.jpg,228,226,98,356,150,584,376
12971.jpg,484,375,98,14,0,498,375
16021.jpg,198,188,98,387,89,585,277
15509.jpg,518,291,98,0,79,518,370
12939.jpg,240,271,98,0,45,240,316
1652.jpg,320,72,98,0,141,320,213
12958.jpg,300,209,98,0,20,300,229
1605.jpg,42,65,98,0,11,42,76
12945.jpg,330,233,98,0,14,330,247
12962.jpg,179,270,98,18,35,197,305
1604.jpg,50,32,98,54,21,104,53
16616.jpg,260,277,98,333,86,593,363
12974.jpg,383,298,98,12,2,395,300
12966.jpg,751,600,98,0,0,751,600
14273.jpg,274,200,98,120,268,394,468
12941.jpg,355,268,98,0,0,355,268
12960.jpg,169,189,98,0,79,169,268
15378.jpg,290,325,98,344,21,634,346
15506.jpg,124,139,98,211,275,335,414
12988.jpg,396,328,98,34,10,430,338
14334.jpg,247,238,98,353,44,600,282
16111.jpg,259,247,98,36,165,295,412
11197.jpg,147,72,98,72,211,219,283
12969.jpg,728,609,98,0,1,728,610
13766.jpg,248,232,98,228,44,476,276
12946.jpg,400,300,98,0,0,400,300
12959.jpg,149,176,98,151,0,300,176
12959.jpg,135,170,98,0,12,135,182
13508.jpg,287,305,98,0,3,287,308
1647.jpg,282,205,98,198,435,480,640
4416.jpg,246,156,98,119,188,365,344
12953.jpg,665,492,98,56,68,721,560
15624.jpg,207,226,98,0,0,207,226
12972.jpg,295,239,98,28,49,323,288
13761.jpg,132,220,98,0,172,132,392
14490.jpg,214,225,98,266,176,480,401
12930.jpg,582,314,98,56,104,638,418
11365.jpg,336,228,98,25,0,361,228
15486.jpg,277,462,98,0,2,277,464
12934.jpg,660,459,98,0,56,660,515
14332.jpg,443,396,98,10,215,453,611
12976.jpg,640,476,98,0,4,640,480
4461.jpg,149,203,98,163,119,312,322
14575.jpg,201,333,98,0,61,201,394
12954.jpg,328,288,98,93,42,421,330
12932.jpg,401,312,98,10,5,411,317
12982.jpg,288,276,98,79,0,367,276
15578.jpg,325,359,98,40,208,365,567
12967.jpg,280,313,98,0,33,280,346
12980.jpg,355,257,98,0,4,355,261
15958.jpg,207,220,98,191,28,398,248
11161.jpg,186,178,98,241,159,427,337
15390.jpg,383,480,98,0,108,383,588
13783.jpg,310,166,98,78,2,388,168
12947.jpg,449,357,98,0,0,449,357
12955.jpg,400,318,98,0,36,400,354
11367.jpg,480,354,98,0,3,480,357
12950.jpg,320,320,98,0,0,320,320
14834.jpg,194,232,98,334,180,528,412
15762.jpg,146,105,98,254,216,400,321
12978.jpg,300,220,98,0,18,300,238
12952.jpg,320,220,98,0,20,320,240
12983.jpg,300,240,98,7,24,307,264
15743.jpg,257,290,98,333,20,590,310
5543.jpg,118,101,98,136,38,254,139
12936.jpg,419,331,98,21,2,440,333
15260.jpg,207,331,98,3,17,210,348
14314.jpg,280,293,98,106,31,386,324
12985.jpg,383,183,98,4,3,387,186
12990.jpg,276,342,98,2,71,278,413
12949.jpg,500,480,98,80,0,580,480
12944.jpg,578,403,98,62,22,640,425
15613.jpg,235,200,99,175,147,410,347
12604.jpg,347,263,99,71,38,418,301
12065.jpg,164,143,99,29,135,193,278
12580.jpg,268,212,99,34,6,302,218
12565.jpg,151,115,99,0,13,151,128
12585.jpg,190,185,99,50,42,240,227
12569.jpg,196,137,99,33,19,229,156
12614.jpg,255,160,99,111,66,366,226
14352.jpg,255,209,99,0,216,255,425
3476.jpg,251,329,99,0,261,251,590
12634.jpg,305,199,99,15,103,320,302
12596.jpg,215,161,99,37,58,252,219
12575.jpg,292,216,99,4,9,296,225
12570.jpg,231,205,99,0,28,231,233
12581.jpg,278,208,99,16,0,294,208
82.jpg,298,262,99,28,216,326,478
12641.jpg,454,240,99,7,33,461,273
5491.jpg,148,102,99,49,74,197,176
5135.jpg,236,114,99,8,474,244,588
12623.jpg,525,345,99,72,51,597,396
12647.jpg,250,189,99,150,123,400,312
12662.jpg,276,286,99,0,17,276,303
12601.jpg,335,238,99,165,0,500,238
14531.jpg,221,220,99,0,293,221,513
12646.jpg,434,280,99,0,28,434,308
12573.jpg,197,173,99,34,48,231,221
12633.jpg,461,264,99,100,108,561,372
12584.jpg,320,265,99,64,55,384,320
12610.jpg,151,135,99,325,207,476,342
16.jpg,436,350,99,0,4,436,354
12062.jpg,277,273,99,73,305,350,578
12588.jpg,330,264,99,25,19,355,283
12638.jpg,262,151,99,5,103,267,254
12587.jpg,318,223,99,23,45,341,268
12564.jpg,307,185,99,25,74,332,259
12599.jpg,362,271,99,29,28,391,299
12577.jpg,278,254,99,4,128,282,382
12577.jpg,285,266,99,0,131,285,397
12619.jpg,208,141,99,3,52,211,193
12560.jpg,484,394,99,54,68,538,462
12616.jpg,317,243,99,12,47,329,290
12586.jpg,312,221,99,66,75,378,296
12628.jpg,365,223,99,70,101,435,324
12566.jpg,155,129,99,0,35,155,164
4971.jpg,149,178,99,0,103,149,281
11975.jpg,222,212,99,0,0,222,212
12583.jpg,217,154,99,8,18,225,172
12582.jpg,307,244,99,30,56,337,300
12141.jpg,207,160,99,0,176,207,336
4609.jpg,204,152,99,0,0,204,152
12589.jpg,176,133,99,54,35,230,168
12572.jpg,274,203,99,1,1,275,204
16266.jpg,195,214,99,5,216,200,430
12612.jpg,332,250,99,24,46,356,296
12635.jpg,476,401,99,48,34,524,435
12657.jpg,137,100,99,37,56,174,156
11500.jpg,229,163,99,0,159,229,322
4973.jpg,408,316,99,34,160,442,476
12655.jpg,664,575,99,136,0,800,575
12627.jpg,337,209,99,1,21,338,230
12617.jpg,259,188,99,59,41,318,229
12592.jpg,244,167,99,6,0,250,167
12597.jpg,280,294,99,0,43,280,337
12648.jpg,278,267,99,2,62,280,329
5207.jpg,115,147,99,0,105,115,252
12621.jpg,295,164,99,55,30,350,194
12567.jpg,177,142,99,0,39,177,181
12653.jpg,219,179,99,183,103,402,282
12631.jpg,328,287,99,7,0,335,287
12568.jpg,216,196,99,0,1,216,197
12606.jpg,286,162,99,33,92,319,254
12605.jpg,246,188,99,24,20,270,208
12562.jpg,100,177,99,0,48,100,225
12562.jpg,244,194,99,136,59,380,253
5518.jpg,108,150,99,0,84,108,234
12598.jpg,493,365,99,7,10,500,375
12600.jpg,362,258,99,58,38,420,296
12060.jpg,270,264,99,366,216,636,480
12609.jpg,280,135,99,75,58,355,193
13244.jpg,315,238,99,128,313,443,551
12622.jpg,354,295,99,6,5,360,300
12663.jpg,127,82,99,54,45,181,127
14463.jpg,313,293,99,125,500,438,793
12591.jpg,363,257,99,0,0,363,257
7178.jpg,97,218,99,0,91,97,309
12608.jpg,390,284,99,0,0,390,284
12607.jpg,266,272,99,67,200,333,472
11989.jpg,250,296,99,0,132,250,428
12626.jpg,385,264,99,15,26,400,290
7159.jpg,186,130,99,79,26,265,156
12561.jpg,337,246,99,0,8,337,254
12624.jpg,237,169,99,66,93,303,262
12639.jpg,245,151,99,0,122,245,273
12618.jpg,216,208,99,36,158,252,366
12576.jpg,369,269,99,16,20,385,289
12611.jpg,421,313,99,88,92,509,405
12574.jpg,432,312,99,12,17,444,329
12642.jpg,318,342,99,86,144,404,486
12630.jpg,331,258,99,68,73,399,331
12637.jpg,132,78,99,0,9,132,87
12637.jpg,174,113,99,29,141,203,254
12637.jpg,149,101,99,172,32,321,133
12563.jpg,388,324,99,42,12,430,336
12660.jpg,371,208,99,77,104,448,312
12659.jpg,320,190,99,28,41,348,231
13293.jpg,242,249,99,255,126,497,375
12579.jpg,540,486,99,30,137,570,623
12571.jpg,394,388,99,116,52,510,440
12613.jpg,244,184,99,38,10,282,194
12651.jpg,320,197,99,40,19,360,216
12594.jpg,336,186,99,41,24,377,210
12625.jpg,159,154,99,233,147,392,301
12558.jpg,433,367,99,1,5,434,372
12620.jpg,637,240,99,121,11,758,251
